1 0.9691360000000001 0.9258060000000002 0.8952374885078828 0.9244839908496499 0.8948440000000001 0.9929820000000001 0.9687425114921173 0.9943040091503503
1 0.7029340000000002 0.40993000000000007 0.7019600124365221 0.3429319994369653 0.627478 0.346304 0.6284519875634781 0.4133020005630348
1 0.9625420000000001 0.691624 0.960288 0.630012 0.8854469832553522 0.6385385422931471 0.8877009832553522 0.7001505422931471
1 0.8665803702616212 0.519794966520112 0.8645250000000001 0.44900699999999993 0.785162973659032 0.4561830928040571 0.787218343920653 0.5269710593241692
1 0.865825 0.751226 0.8643137776606921 0.6797429488011628 0.7867729788883963 0.6848480013899244 0.7882842012277042 0.7563310525887615
1 0.9693590000000001 0.8669150000000001 0.8973063977445358 0.8643289783846025 0.8965089884798481 0.9335189995865333 0.9685615907353123 0.936105021201931
1 0.96148 0.6396549999999999 0.959988 0.569728 0.8902399887706013 0.5743624737009643 0.8917319887706013 0.6442894737009641
1 0.634112 0.6879950000000001 0.5591930000000002 0.6844560000000001 0.5581267569245519 0.7547490357553625 0.6330457569245519 0.7582880357553625
1 0.633509994896468 0.9306578467527383 0.5571159837613731 0.9303382294509938 0.5570228250175114 0.9996803826982554 0.6334168361526064 1
1 0.70313 0.6956040000000001 0.7025201144026304 0.6285109967614408 0.621802 0.6307959999999999 0.6224118855973696 0.6978890032385591
1 0.00045267562071989235 0.0008371970839266609 0.0004148214288726653 0.0008325449819377565 0.0004110989331527731 0.0009268736333052134 0.0004489531250000001 0.0009315257352941179
1 0.6321864018868026 0.29769798156664296 0.6311929852815277 0.2302490006750928 0.552072583394725 0.23387801910844974 0.553066 0.30132699999999996
1 0.463656 0.758862 0.4627355743166585 0.6914699755726528 0.393565 0.694412 0.3944854256833415 0.7618040244273473
0 0.8625072550996542 0.6824149664863027 0.8606889944883708 0.6393138693491676 0.7995499999999999 0.6473460000000001 0.8013682606112833 0.6904470971371353
1 0.15883189324666977 0.4246289572930905 0.1577479994132135 0.3540289617793506 0.08692640616654371 0.35741500448626007 0.0880103 0.4280149999999999
1 0.7043822497305983 0.5753819878212517 0.7034119999999999 0.513424 0.6280329851152567 0.5171000494934374 0.6290032348458552 0.5790580373146891
0 0.22876000000000005 0.947386 0.16871900000000004 0.9410870000000001 0.16700022595133338 0.9921069187932819 0.2270412259513334 0.9984059187932819
0 0.16098759656795664 0.4683919224939089 0.15890499676547254 0.41847192246824744 0.08776830000000001 0.427714 0.0898508998024841 0.47763400002566136
0 0.629935 0.6365440000000001 0.5640300000000001 0.6337770000000001 0.5633471090778623 0.6844300045795986 0.6292521090778623 0.6871970045795985
0 0.23358499999999996 0.7572729999999999 0.23299099999999998 0.7082379999999998 0.16667399738412886 0.7107397840585191 0.16726799738412884 0.7597747840585192
0 0.1530660922028645 0.35546999810539415 0.15272899997288716 0.30438199589091053 0.090923 0.305652 0.09126009222997737 0.3567400022144836
0 0.6987473034404151 0.17964897571321378 0.6973669979471551 0.12594292012623234 0.625925 0.131661 0.62730530549326 0.1853670555869814
0 0.6298950000000001 0.8001150000000001 0.6295710000000001 0.750055 0.5637359996984325 0.7513819534059434 0.5640599996984326 0.8014419534059435
0 0.16432099999999997 0.7572480000000001 0.16384837527046894 0.7105939881609595 0.101562 0.7125589999999999 0.10203462472953104 0.7592130118390406
0 0.16512800000000002 0.946669 0.09183257735608834 0.9464349999277079 0.0917780999983636 0.9995750015962749 0.16507352264227532 0.999809001668567
0 0.8629270000000001 0.7544160000000001 0.7961616808374538 0.7536309962473964 0.7959740000000001 0.8033410000000004 0.8627393191625464 0.8041260037526041
0 0.6325501092881431 0.8768770038939003 0.565864 0.8745010000000001 0.565251890711857 0.9280019961060999 0.6319380000000001 0.9303780000000001
0 0.4628545171645296 0.16661588539175298 0.459669 0.12185099999999996 0.3960834828354704 0.13594211460824704 0.399269 0.180707
1 0.8643540000000001 0.5737710000000003 0.7897130000000001 0.5700800000000001 0.7885413083020337 0.6438689657955121 0.8631823083020337 0.6475599657955122
0 0.16213700474851905 0.23891900000887056 0.09361700000000003 0.23879100000000003 0.09358399525148099 0.2938119999911295 0.16210400000000005 0.29394000000000003
0 0.467926 0.929943 0.46721301498787626 0.878845999348717 0.399141 0.881804 0.3998539850121237 0.932901000651283
0 0.396305 0.40770900000000004 0.3956412627047736 0.3548709897230937 0.322992 0.357713 0.3236557372952264 0.4105510102769063
0 0.9589015754124356 0.7987659605024914 0.957748 0.7464299999999999 0.8894074245875643 0.7511210394975085 0.8905609999999999 0.803457
0 0.1652220022175173 0.8130014768148418 0.1649939975671421 0.7639754768821938 0.10350699534962479 0.7648660000673518 0.103735 0.8138919999999998
0 0.52357 0.734031 0.5157310000000002 0.684812 0.4513109480724495 0.7167636739606955 0.45914994807244935 0.7659826739606954
0 0.8653239999999999 0.39710200000000007 0.8634220980099987 0.3490619879162961 0.7961499999999998 0.35735599999999995 0.7980519019900011 0.4053960120837039
0 0.6969501760091475 0.5178079902424533 0.696044 0.466904 0.6243778239908523 0.4708770097575467 0.625284 0.5217809999999999
0 0.626452 0.23144299999999998 0.6256523208885052 0.17736198522356234 0.5570073208885052 0.1805229852235623 0.557807 0.23460399999999995
0 0.22894300000000004 0.814375 0.22863306956869878 0.764154998662955 0.16786 0.7653230000000001 0.16816993043130124 0.815543001337045
0 0.6288579999999999 0.40788000000000013 0.6282086229821772 0.35480597626248844 0.5585809999999999 0.3574589999999999 0.5592303770178226 0.4105330237375116
0 0.9547386517337041 0.5093569258256061 0.9529599636054351 0.46068700414209784 0.8847233118717311 0.4684530783164918 0.8865020000000001 0.5171230000000001
0 0.395812 0.35303300000000004 0.39473919038260413 0.3033659871936152 0.3318400000000001 0.307597 0.33291280961739594 0.35726401280638487
0 0.22040202275562468 0.35493999825585937 0.219179 0.30524799999999996 0.15630597724437534 0.3100670017441406 0.157529 0.359759
0 0.8658314383703737 0.34104294270156743 0.8635580000000002 0.28687700000000005 0.794922963713372 0.2958481354507583 0.7971964020837455 0.3500140781523257
0 0.39779503212495454 0.5818459989717221 0.3972609999999999 0.5298889999999999 0.32274996787504534 0.5322740010282778 0.323284 0.584231
0 0.9578019999999999 0.344892 0.9566901955562664 0.29262898704461365 0.8855191955562665 0.2973439870446137 0.886631 0.349607
0 0.4574582033561149 0.3989409813715594 0.456042 0.350796 0.3938617966438851 0.35649201862844054 0.395278 0.40463699999999997
0 0.6280170159103119 0.5202509994918367 0.6274520000000001 0.46516 0.5558159840896884 0.4674480005081634 0.5563810000000001 0.5225390000000001
0 0.3957999999999999 0.692303 0.394733409216367 0.6459809706567705 0.32982940921636705 0.6506349706567703 0.33089599999999997 0.6969569999999999
0 0.22708448804470335 0.5860039937878102 0.2268809999479761 0.5362189872719311 0.15955200000000003 0.5370759999999999 0.15975548809672727 0.5868610065158791
0 0.07818300000000002 0.849589 0.07797879974015672 0.733160851846057 0.0484747 0.733322 0.04867890025984329 0.8497501481539431
0 0.22857800000000006 0.8924530000000002 0.16725297214354287 0.8862408563805901 0.16565997214354286 0.9352138563805902 0.22698500000000005 0.9414260000000003
0 0.4004455103620604 0.994059997072766 0.4003489981476902 0.9416579942750213 0.336013 0.942027 0.33610951221437013 0.9944290027977447
0 0.7062350000000001 0.6895540000000001 0.6288408416403363 0.6875389958770096 0.6283530000000002 0.7458910000000001 0.705747158359664 0.7479060041229906
0 0.6273841494074193 0.4647279841411851 0.625589 0.41206000000000004 0.5569938505925804 0.4193410158588151 0.5587889999999998 0.47200900000000023
0 0.3973833280173452 0.7510879730431577 0.395914 0.6954089999999998 0.3263356719826548 0.7011270269568423 0.327805 0.7568060000000001
0 0.9517743340897314 0.2872569823007602 0.9508899999999999 0.23527299999999995 0.8828789839040767 0.23887605383022514 0.8837633179938081 0.29086003613098527
0 0.4625036359494469 0.5145879480109753 0.46114299785857693 0.4627559184248143 0.3945 0.46820399999999995 0.39586063809086997 0.520036029586161
0 0.7028665769314845 0.9342860183406299 0.636021 0.9321610000000001 0.6354894128637174 0.9842359813349603 0.7023349897952019 0.9863609996755902
0 0.15813827560894778 0.5858569825979819 0.15710799948858636 0.5350419747761904 0.09028810000000001 0.539261 0.09131837612036141 0.5900760078217915
0 0.23065199999999997 0.13198700000000002 0.22866284018360855 0.07520190834541035 0.16091984018360858 0.08259190834541033 0.16290899999999997 0.139377
0 0.46159200000000006 0.297477 0.46077223071020124 0.24416598895193578 0.39559823071020117 0.24728698895193577 0.396418 0.300598
0 0.69653 0.2929860000000001 0.6962143805913346 0.24025899290529823 0.623794 0.241609 0.6241096194086654 0.2943360070947018
0 0.9539290181405807 0.45407871971390174 0.952565992985083 0.40000172168845516 0.8822639748445024 0.4055200019745534 0.883627 0.459597
0 0.9574075482629704 0.5716479657491824 0.9563200000000001 0.517434 0.8883044517370297 0.5216830342508175 0.8893919999999998 0.575897
0 0.45945099999999994 0.459477 0.4570210308645317 0.4086389954057288 0.3942609999999999 0.4179809999999999 0.39669096913546814 0.46881900459427106
0 0.46754899999999994 0.8103190000000001 0.4665565108692226 0.760312968423952 0.40211551086922276 0.764295968423952 0.4031080000000001 0.8143020000000001
0 0.8633629999999999 0.281044 0.8602029999999999 0.22766400000000003 0.7905119902089311 0.2405118346053042 0.7936719902089312 0.2938918346053041
0 0.397558 0.887676 0.33351099595337136 0.8847892795967582 0.33274299595337126 0.9378532795967582 0.39679 0.9407400000000001
0 0.15984300000000007 0.887912 0.09512440000000007 0.886354 0.0947347488340612 0.9367600083976395 0.15945334883406123 0.9383180083976396
0 0.6232704531428958 0.17314195242235053 0.621599 0.123566 0.5600139699313416 0.13003210815185673 0.5616854230742373 0.17960806057420725
0 0.6293922361849916 0.574002991843951 0.6288259999999999 0.522939 0.5622209892982633 0.525239034902018 0.5627872254832551 0.5763030267459689
1 0.8679734239211848 0.9259810870784153 0.786111069710654 0.9232902362414935 0.7853288623834727 0.9973975638627224 0.8671912165940033 1.0000884146996443
0 0.8699750000000003 0.8742890000000002 0.8065623018133916 0.8727059825706588 0.8061500000000003 0.9241400000000004 0.8695626981866089 0.9257230174293418
0 0.8466914432383491 0.4577109838960518 0.8460729883381803 0.4047010004237027 0.7824655450998311 0.40701201652765084 0.783084 0.46002199999999993
0 0.234430211443386 0.47273899777146644 0.23423700000000006 0.41565 0.15909178855661404 0.4164420022285336 0.159285 0.473531
0 0.8716679999999999 0.5199330000000001 0.7954899999999998 0.5182240000000001 0.7950792262358077 0.5752450050754419 0.8712572262358077 0.5769540050754418
0 0.4609400000000001 0.6406390000000001 0.3975789932235026 0.6385736474076334 0.3970279932235025 0.6912146474076335 0.4603890000000001 0.6932800000000001
0 0.3974216749857276 0.8175139902812785 0.3971699953102519 0.7630789856691144 0.329731 0.76405 0.3299826796754758 0.8184850046121641
0 0.38946299999999995 0.18274300000000004 0.3175188213565187 0.18038499414487205 0.316884 0.2407030000000001 0.38882817864348124 0.24306100585512813
0 0.62702 0.34944 0.6254913601364044 0.2949379685439504 0.555733 0.30103100000000005 0.5572616398635957 0.3555330314560497
0 0.16154 0.6997679999999998 0.160142 0.650074 0.09668972755195744 0.6556329793755171 0.09808772755195741 0.7053269793755169
0 0.23061551204463168 0.4778440035145735 0.16112000000000007 0.47736699999999993 0.16100048795536848 0.5315909964854265 0.23049600000000006 0.5320680000000001
0 0.709497 0.80373 0.708116333331754 0.7486929739591452 0.6324659749629252 0.7546030019559699 0.6338466416311712 0.8096400279968247
0 0.46236399999999994 0.58439 0.39803883854344957 0.5789639863806725 0.396639 0.6306440000000001 0.46096416145655034 0.6360700136193275
0 0.7030274386561282 0.8691230051420468 0.6331600000000001 0.8683040000000002 0.6329495613438721 0.9242099948579536 0.7028170000000001 0.9250290000000002
1 0.9561681136102521 0.18163100113323546 0.8896 0.18096700000000016 0.8893988863897477 0.24375599886676488 0.9559669999999999 0.24442000000000016
0 0.46299521124324183 0.34940999192358035 0.46239099999999994 0.30019499999999993 0.39647878875675807 0.3027150080764196 0.397083 0.35193
0 0.6959120157635098 0.23339376861440558 0.6948119952813431 0.17975776992257794 0.6300819795178332 0.18389200130817238 0.631182 0.23752799999999996
0 0.16098642489224155 0.1600960108459905 0.0854565 0.158168 0.08491607504500086 0.22409899681034248 0.1604459999372424 0.226027007656333
1 0.23898115706236403 0.2491779839608602 0.23635900000000004 0.16921399999999998 0.16068284293763602 0.17694201603913987 0.163305 0.2569060000000001
0 0.161457 0.528183 0.16063783532676554 0.4759599591953062 0.09449489938748022 0.4791909609508965 0.09531406406071467 0.5314140017555903
0 0.6956542254026735 0.4637509880513642 0.694748 0.410513 0.6277417745973265 0.41406501194863593 0.628648 0.46730300000000013
0 0.224746 0.40695800000000004 0.22322255743913644 0.35220695169681493 0.15484555743913644 0.35813195169681483 0.156369 0.412883
0 0.8684660000000001 0.163526 0.8669101259458583 0.10924698875728847 0.7899381259458582 0.11611798875728843 0.7914940000000001 0.170397
0 0.8678381185024389 0.22299398199072246 0.86505 0.165861 0.785055881497561 0.1780180180092776 0.7878439999999999 0.23515100000000003
0 0.23175840696672106 0.6975839853283835 0.231178 0.647447 0.1614155930332789 0.6499620146716164 0.16199599999999997 0.700099
0 0.6950479999999999 0.29302900000000004 0.6301010860772174 0.291494978413489 0.6296990000000001 0.34450900000000007 0.6946459139227826 0.3460430215865111
0 0.3927999999999999 0.302504 0.39251451570021245 0.24932999137766665 0.32552699999999996 0.25044999999999995 0.32581248429978743 0.3036240086223333
0 0.398876660867942 0.41159900135580263 0.32186066021051934 0.4114409993029055 0.32182199934257744 0.4701269979471029 0.3988380000000001 0.47028500000000006
0 0.9580340000000002 0.39928300000000005 0.9570774527239935 0.34666697436893945 0.8860890000000001 0.35068600000000005 0.8870455472760068 0.4033020256310606
0 0.9607910063996613 0.7381813131607786 0.9597309859904997 0.6863103144596299 0.8943059795908385 0.6904740012988515 0.8953660000000002 0.7423450000000001
0 0.47270929196496897 0.9878029765763993 0.4713519979374501 0.9351169199380375 0.40574999999999994 0.9403799999999999 0.40710729402751883 0.9930660566383616
0 0.09001529181455595 0.4702913701892917 0.06560080000000003 0.371854 0.03764750818544408 0.3934446298107084 0.062062 0.49188199999999993
0 0.4715211901086301 0.5245560050879966 0.39795100000000005 0.5225870000000001 0.39746080989137 0.5796249949120037 0.47103100000000003 0.5815940000000002
0 0.39817699999999995 0.6383210000000001 0.3962186958533334 0.583774922200108 0.32047969585333347 0.592242922200108 0.322438 0.6467890000000001
0 0.15616302904471432 0.06412230175556981 0.08994600000000001 0.060119900000000025 0.08882897095528568 0.11767159824443026 0.155046 0.12167400000000003
0 0.48150073368424573 0.22869086225252863 0.47747898880778383 0.16198181435369138 0.3896420000000001 0.178473 0.393663744876462 0.2451820478988372
1 0.232313 0.30842600000000003 0.23119343550539875 0.24370403040897984 0.16167343550539875 0.24744903040897992 0.162793 0.3121710000000001
1 0.39941220092354895 0.46494500567818675 0.3245370000000001 0.46282900000000005 0.3238997990764511 0.5330459943218133 0.398775 0.5351620000000001
0 0.3957840000000001 0.1170660000000001 0.31462739759123326 0.11281196842319868 0.313512 0.17907900000000007 0.39466860240876683 0.1833330315768015
1 0.00012777641753165591 0.0009333562770169231 0.00012633489583333332 0.0008988722426470589 0.00008017201996834407 0.0009048817744536653 0.00008161354166666666 0.0009393658088235296
1 0.00024888063421592575 0.0009400925168398265 0.00024686278495513554 0.0008931866124828325 0.00020988840073920984 0.0008981400515253591 0.00021190625000000002 0.000945045955882353
1 0.0003371440235576209 0.0008978287610189187 0.0002865187500000001 0.0008962867647058825 0.0002860872264423793 0.0009404065330987286 0.0003367125000000001 0.0009419485294117647