1 0.6297728730247252 0.49856300523384095 0.5515408730360339 0.49809399923884284 0.5514090000000001 0.5680030000000003 0.6296409999886914 0.5684720059949984
1 0.400086 0.77088 0.399422 0.70235 0.3240489999513051 0.7046709949742974 0.3247129999513051 0.7732009949742974
1 0.629749 0.4427460000000001 0.551538 0.44053200000000003 0.5509256600476813 0.5092790186846553 0.6291366600476813 0.5114930186846552
1 0.16346658201508577 0.7732539887070249 0.1630379999407763 0.7030549902995322 0.08531841792569053 0.7045630015925074 0.08574700000000002 0.7747620000000001
1 0.2343893779947565 0.48113401485325524 0.15911200000000003 0.478176 0.15833062200524362 0.5413729851467448 0.2336080000000001 0.5443309999999999
1 0.3995230000000001 0.5266630000000002 0.32512499990010557 0.525698024476943 0.3248409999001056 0.595286024476943 0.39923900000000007 0.5962510000000002
1 0.23596100000000003 0.59381 0.15940550618628233 0.5890799694894013 0.15810800000000003 0.655821 0.23466349381371773 0.6605510305105986
1 0.62857593739044 0.4508726220185326 0.6284443210186323 0.3848628384674165 0.5506675365014588 0.38535569741029785 0.5507991528732664 0.451365480961414
1 0.862451 0.43630600000000025 0.7847328772866778 0.43337899537839525 0.783921 0.5018900000000002 0.8616391227133221 0.5048170046216053
1 0.8636720002852101 0.5478815130766337 0.7871159999999999 0.5477390000000001 0.7870749994142613 0.6177369999989096 0.8636309996994714 0.6178795130755432
1 0.46713001215567357 0.5872215787628039 0.46579299118221795 0.5235625801627762 0.3933069790265444 0.5284010013999724 0.39464399999999994 0.59206
1 0.23574100000000003 0.5369959999999999 0.16362100000000002 0.5329039999999999 0.16243197778717974 0.5995050554784406 0.23455197778717976 0.6035970554784406
1 0.9334384329812876 0.15018000105986767 0.8555112852312018 0.14962100000000012 0.8553411374811158 0.22500399894013257 0.9332682852312018 0.22556300000000012
1 0.16435200000000003 0.42771900000000007 0.163963 0.363083 0.08690860491765105 0.36455681711386057 0.08729760491765104 0.4291928171138606
1 0.6277190000000001 0.32820200000000016 0.5523036162653526 0.3246789820738957 0.5513449853112193 0.38989699931381605 0.6267603690458667 0.3934200172399204
1 0.470092 0.763746 0.46971717100232263 0.6981559968942349 0.39494599999999996 0.699514 0.39532082899767734 0.7651040031057651
1 0.4006300000000001 0.644877 0.32770860603339474 0.642217985634355 0.32690099999999994 0.712607 0.39982239396660524 0.7152660143656452
1 0.23559100000000005 0.8230090000000001 0.15996000000000002 0.8202710000000001 0.15921337554944642 0.8858160135956735 0.23484437554944645 0.8885540135956735
1 0.1602105011674942 0.32168599860786984 0.16014999999878607 0.25246499861111626 0.0816693988312919 0.2526830000032464 0.0817299 0.321904
1 0.23581200000000005 0.763648 0.16073400000000004 0.762461 0.1603945910360357 0.8306880093444122 0.2354725910360357 0.8318750093444122
1 0.9343877587023522 0.6091590215322396 0.857679 0.6069820000000001 0.8570802323700076 0.6740339782143913 0.9337889910723599 0.6762109997466307
1 0.1621371732848241 0.5359290141829938 0.08356437370551127 0.529497997847852 0.08163420000000003 0.604446 0.16020699957931286 0.6108770163351418
1 0.6989276728590855 0.2815372651500705 0.6984454228711137 0.21471227088361852 0.6226231728831417 0.2164512766171666 0.6231054228711136 0.28327627088361856
1 0.16657641141868756 0.88244902834947 0.08929750000000007 0.877124 0.08790608798460374 0.9412989991720596 0.16518499940329123 0.9466240275215296
1 0.8593188417700248 0.5000740579251757 0.7882998432577755 0.4951869892140127 0.786901 0.5597920000000002 0.8579199985122493 0.5646790687111631
1 0.236618 0.651122 0.16142767329095625 0.6473159834625001 0.16031400000000004 0.7172390000000001 0.2355043267090438 0.7210450165375
1 0.9313348390757441 0.3831730549880479 0.8578356465588884 0.38171505116909016 0.8574308390757442 0.44657005498804797 0.9309300315925999 0.4480280588070057
1 0.39605437240103314 0.5400669941281413 0.39573499999999995 0.475694 0.32077062759896685 0.4768760058718588 0.32109000000000004 0.5412490000000001
1 0.15589200000000003 0.0018822500000000345 0.0796963 0.0009864450000000098 0.07941404664204162 0.07728690377799766 0.15560974664204164 0.07818270877799768
0 0.395199 0.5957890000000001 0.33129170435610333 0.593298988480866 0.3306510000000001 0.64556 0.3945582956438968 0.6480500115191342
1 0.3980690000000001 0.8853540000000001 0.39773051826652117 0.8175899917726428 0.32497299999999996 0.818745 0.3253114817334789 0.8865090082273573
0 0.16291207090903118 0.48790600545841717 0.09170960000000004 0.482425 0.09035752909096892 0.5382469945415831 0.16156000000000004 0.5437280000000002
0 0.9276899999999999 0.22241500000000017 0.8659739774588892 0.2183689985222418 0.8649419999999999 0.26839700000000016 0.9266580225411106 0.2724430014777585
0 0.16078528434022565 0.7767720100934885 0.09069617337336626 0.7742839919552242 0.09007588903314064 0.8298179818617357 0.16016500000000003 0.832306
0 0.622524 0.331174 0.6220317746418728 0.27974097643898765 0.557557774641873 0.28170197643898764 0.55805 0.333135
0 0.6886774356949036 0.11233802868660181 0.62513 0.10815400000000015 0.6240655643050965 0.1595339713133985 0.6876130000000001 0.16371800000000017
0 0.15745100000000004 0.948666 0.09160400000000006 0.943013 0.09011107560089274 0.9982799979053234 0.15595807560089273 1.0039329979053235
0 0.14737973980667846 0.12833297226825402 0.14679499148218053 0.0787558778282164 0.08183515167550208 0.08119090555996239 0.08241990000000002 0.130768
1 0.47117700000000007 0.815412 0.4696750000000001 0.754003 0.39483898227796455 0.7598202754377659 0.3963409822779645 0.821229275437766
0 0.4584177081516579 0.12656196878826273 0.4576789986140255 0.07329560006108672 0.3926072904623676 0.07616363127282397 0.393346 0.12943
0 0.8569920000000001 0.3909490000000002 0.7909139223171417 0.38979499864333056 0.79063 0.4414630000000002 0.8567080776828584 0.44261700135666987
0 0.3996708997877075 0.7669430089842808 0.33216790296073223 0.7662689990310738 0.3319810000000001 0.8257590000000002 0.39948399682697533 0.8264330099532073
0 0.8635463110701911 0.21859300161521858 0.7949850000000002 0.21823700000000018 0.794899688929809 0.27045299838478176 0.8634609999999999 0.27080900000000013
0 0.8607640056420356 0.6732778299675433 0.8603899988451349 0.6182598301143876 0.7926649932030994 0.6197230001468443 0.793039 0.6747410000000001
0 0.14875214895330244 0.6577690026247279 0.08246794897284063 0.656600999100843 0.08218580000000004 0.7074890000000001 0.14846999998046184 0.7086570035238849
0 0.622487858567879 0.2737549539683559 0.6216000000000002 0.221125 0.5497901414321211 0.22497504603164412 0.550678 0.277605
0 0.2298200011579604 0.4808398291605773 0.22974399976142365 0.4264188291667756 0.1609869986034633 0.4267240000061984 0.161063 0.4811450000000001
0 0.16102407023715787 0.8338830042887945 0.09161870000000004 0.8296449999999999 0.09052462976284219 0.8865889957112054 0.15993000000000002 0.890827
0 0.22677200000000003 0.7151859999999999 0.16181800000000005 0.7132269999999999 0.16133077399057655 0.7645690233434053 0.22628477399057656 0.7665280233434053
0 0.39451872056672366 0.8839720313703625 0.3286410000000001 0.8811040000000001 0.3278762794332765 0.936928968629638 0.3937540000000001 0.9397970000000003
0 0.9328913035689446 0.1560449998525796 0.9328829999999259 0.10170299951437592 0.862869 0.101737 0.8628773035690187 0.15607900033820366
0 0.6850312488232508 0.21688198794412822 0.6842889992618858 0.16819495158421433 0.624228 0.171105 0.624970249561365 0.21979203635991393
0 0.695652 0.6210340000000002 0.62724 0.6190290000000003 0.626747219901579 0.6724660064448151 0.6951592199015789 0.6744710064448151
0 0.21463124002211825 0.1281769870923231 0.213745 0.0758018 0.14886575997788176 0.07929081290767691 0.149752 0.13166600000000003
0 0.701997 0.557994 0.7011794498429654 0.5038869783980596 0.6328344498429656 0.5071689783980596 0.6336520000000001 0.561276
0 0.923907 0.384684 0.9235842062341713 0.33224099596569007 0.857588 0.333532 0.8579107937658288 0.38597500403430995
0 0.22286122989884824 0.26248000047037784 0.15541300000000005 0.2623420000000001 0.15537877010115184 0.3155119995296222 0.22282700000000003 0.31565
0 0.858146 0.32990200000000014 0.7886040008511052 0.3285198639023289 0.7882600008511051 0.3835278639023289 0.857802 0.3849100000000001
0 0.9287541940972565 0.5603300116280241 0.8596650000000001 0.5561910000000002 0.8586288059027438 0.6111609883719762 0.9277180000000002 0.6153000000000002
0 0.386248 0.37079900000000005 0.3187948637170223 0.3707379998767548 0.31878 0.4229740000000001 0.3862331362829776 0.42303500012324535
0 0.8587399963147982 0.2698590266671041 0.794813996540165 0.2681479999073951 0.794391 0.31837400000000016 0.8583169997746333 0.3200850267597092
0 0.929328 0.4438220000000002 0.86182 0.44185100000000016 0.8613359978223941 0.4945359999364216 0.9288439978223941 0.49650699993642167
0 0.9279708263994075 0.7258869822628623 0.9275809931026503 0.6681629786848851 0.8565279999999996 0.669688 0.856917833296757 0.7274120035779772
0 0.6958900000000001 0.2796080000000002 0.6268380000000001 0.27718900000000013 0.6262236267244122 0.3329260219551405 0.6952756267244121 0.33534502195514054
0 0.15709501221125688 0.6049750566490315 0.08395201299088834 0.6019659964204961 0.08327100000000004 0.6545760000000002 0.15641399922036855 0.6575850602285356
0 0.229107 1 0.22906499896914276 0.9379254764666343 0.16185699999999997 0.9380699999999998 0.16189900103085722 1.0001445235333652
0 0.22585100000000005 0.887755 0.16392600000000004 0.883096 0.16261644911126913 0.9384140337894132 0.22454144911126914 0.9430730337894132
0 0.6915751470051296 0.33793900749547157 0.626128 0.3346020000000001 0.6253158529948705 0.3852239925045287 0.690763 0.38856100000000016
0 0.6917609999999998 0.39231100000000013 0.6270309999999999 0.3905050000000001 0.6265651643762357 0.443567976685671 0.6912951643762356 0.445373976685671
0 0.6290141339286149 0.567037008299618 0.5632730000000001 0.5629630000000001 0.5621758660713853 0.6192289917003825 0.6279170000000001 0.6233030000000003
0 0.460939 0.36925 0.4608754281066434 0.3125439984746864 0.38818242810664333 0.3128029984746864 0.3882459999999999 0.369509
0 0.3884754706545672 0.06605460987730691 0.32283699999999993 0.06467710000000007 0.32245952604420836 0.12184099005341269 0.3880979966987756 0.12321849993071952
0 0.6911825472691357 0.5008919886549096 0.6908469999999999 0.44944999999999996 0.6252904527308641 0.45080901134509044 0.625626 0.502251
0 0.703961 0.5595220000000002 0.630509 0.5573610000000002 0.6299668883148299 0.6159220261347325 0.70341888831483 0.6180830261347324
0 0.39011730342919165 0.31681701218516023 0.32360430393636486 0.3141459720473604 0.322948 0.36608600000000013 0.38946099949282675 0.3687570401377999
0 0.6237219999999998 0.164119 0.6225984088445823 0.11028297288156602 0.5490564088445823 0.11516097288156603 0.5501799999999999 0.168997
0 0.9264260000000001 0.09440220000000002 0.9260223129664341 0.044331391980837534 0.859457 0.04603700000000001 0.859860687033566 0.0961078080191625
0 0.3935860006489957 0.30982327000249454 0.3934579982453742 0.25657027002085614 0.3267319975963785 0.25708000001836157 0.32686 0.31033299999999997
0 0.3927872466277706 0.9421120167869643 0.32665924808341973 0.9376109488200504 0.32555400000000007 0.9892170000000001 0.3916819985443509 0.9937180679669139
0 0.6234899999999999 0.627735 0.5621969999999998 0.62337 0.5610355273726946 0.6752030375570098 0.6223285273726945 0.67956803755701
0 0.92959816051164 0.4987540059384045 0.8597810000000001 0.4961710000000003 0.8591238394883601 0.552622994061596 0.928941 0.5552060000000002
1 0.4651199999999999 0.535728 0.4637143894000529 0.472505972485371 0.3907579778019471 0.47766100156849284 0.3921635884018942 0.5408830290831218
0 0.3936132457660354 0.2508239927289154 0.393107 0.19644200000000003 0.32026675423396456 0.1985970072710847 0.320773 0.25297900000000006
0 0.15224300590560005 0.20190929270138666 0.08164810000000002 0.200036 0.08117509165233497 0.256686999778488 0.15176999755793505 0.25856029247987466
0 0.8609273150771451 0.1067470008354933 0.788898 0.10655600000000019 0.7888526849228549 0.16086699916450709 0.860882 0.1610580000000002
0 0.3910370000000001 0.481238 0.388931046338949 0.4267619943067431 0.31991 0.4352420000000001 0.3220159536610511 0.48971800569325696
0 0.4532250222559723 0.19976818346453726 0.390585 0.19434200000000007 0.389156972807614 0.24673399764446333 0.4517969950635863 0.2521601811090005
0 0.6356700000000001 0.9185360000000001 0.6353551553659682 0.8645009971229457 0.5736309999999999 0.865644 0.5739458446340318 0.9196790028770544
0 0.924519 0.27528100000000016 0.8608727209698721 0.27033597832064904 0.859573 0.32350100000000026 0.923219279030128 0.32844602167935144
0 0.456485 0.05375320000000004 0.4560520138773638 -0.001317087346764495 0.38649 0.00042111299999999944 0.38692298612263615 0.05549140034676453
0 0.469705 0.7046050000000001 0.4693085371555733 0.6473549881778069 0.3970195371555734 0.6489459881778069 0.39741600000000005 0.706196
0 0.8586636893158882 0.16345604600796512 0.7943276697438539 0.15916197795725684 0.7931829804279659 0.21366793194929193 0.8575190000000001 0.2179620000000002
0 0.16038200000000008 0.42818700000000004 0.09368899868876082 0.42448799992727465 0.09266100000000004 0.48339400000000005 0.15935400131123928 0.4870930000727255
0 0.387818 0.0015272100000000904 0.32071101204051927 -0.005405260421333849 0.31885099999999994 0.05181720000000006 0.38595798795948066 0.058749670421334006
0 0.6216963892047479 0.21879398364005137 0.621019 0.16757799999999998 0.5566426107952521 0.17028401635994853 0.55732 0.22149999999999995
0 0.858453 0.6798610000000003 0.7966348872734728 0.6784789974798918 0.796254 0.7326260000000001 0.8580721127265273 0.7340080025201086
0 0.8565630000000001 0.05487840000000019 0.7923868589169548 0.05287609559818982 0.7918870000000001 0.10379300000000018 0.8560631410830453 0.10579530440181054
0 0.2211203191505346 0.06577335884568983 0.21875799116256156 0.007550772190057439 0.149236 0.01651559999999999 0.15159832798797304 0.07473818665563238
0 0.45437799999999995 0.42024899999999993 0.4540508246229453 0.3688189833278959 0.3902458246229453 0.370108983327896 0.39057299999999995 0.42153899999999994
0 0.22563343768999633 0.3712139729021956 0.22459198054313037 0.31775200120459335 0.15689754285313404 0.32194302830239774 0.157939 0.37540500000000004
0 0.21669700000000003 0.21038600000000002 0.15340200000000007 0.20711500000000005 0.15261956562765883 0.25523302923087254 0.2159145656276588 0.25850402923087257
0 0.46687514591532386 0.4735319870022821 0.465354 0.41925999999999997 0.3946398540846762 0.42555901299771787 0.39616100000000004 0.47983100000000006
0 0.15691223798522366 0.3182540098525284 0.0809211381469242 0.31510799743929824 0.08017790000000004 0.37216400000000005 0.1561689998382995 0.3753100124132302
0 0.6942617782545627 0.6792720278329046 0.6300607786568423 0.6769759920840517 0.629448 0.7314310000000003 0.6936489995977204 0.7337270357488532
0 0.6896063718282855 0.054257124648544736 0.6291429999999999 0.050249000000000134 0.6280446281717144 0.10290787535145554 0.688508 0.10691600000000015
0 0.45968412775564804 0.24903700183034316 0.393096 0.24808300000000003 0.39285387224435203 0.301793998169657 0.4594420000000001 0.3027480000000002
0 0.08216472410183043 0.0434369555571176 0.059266999999999986 0.003972040000000013 0.007788121332122218 0.09889718506065218 0.030685845433952655 0.13836210061776977
0 0.7245409476627102 0.8555550458869332 0.6686759483998997 0.8528499975014632 0.6678660000000002 0.9060110000000003 0.7237309992628106 0.9087160483854704
0 0.46299211572047055 0.6380909913841569 0.46177000000000007 0.585924 0.3956618842795295 0.5908460086158432 0.396884 0.6430130000000001
0 0.619251 0.105294 0.6191260871945597 0.054566799317619645 0.555236 0.055066799999999985 0.5553609128054402 0.10579400068238033
1 0.6312989626218871 0.6708849911138939 0.5545397453171244 0.6702242400318915 0.554363047913632 0.735461223806444 0.6311222652183947 0.7361219748884463
0 0.5401980094704509 0.19320457175624983 0.5107659999999999 0.1911360000000001 0.5082949905295491 0.30287242824375044 0.537727 0.3049410000000002
0 0.6640480000000003 0.9654190000000004 0.6126839553258334 0.9619092886944242 0.6118650000000002 1.0000000000000002 0.6632290446741671 1.0035097113055764
0 0.2858702093532948 0.9732847402595763 0.2577904612823375 0.9718707809796039 0.2573447739203361 1.0000000000000002 0.2854245219912934 1.0014139592799727
0 0.753725 0.81693 0.7518976745294709 0.6962109675501912 0.7180566745294709 0.6978389675501911 0.719884 0.818558
1 0.0002098772824760714 0.0009517825833014422 0.0002094223781851873 0.0009039294341450719 0.0001663914498757826 0.0009052294877981332 0.00016684635416666668 0.0009530826369545034
1 0.000015783206892766815 0.0008568317203574399 6.143812310751192e-20 0.0008557678737233054 -0.0000017270610594333525 0.0009371998488161904 0.000014056145833333401 0.000938263695450325
1 0.000263418343488462 0.0008202430500342611 0.00024160781249999997 0.0008164809656453111 0.00023491915651153804 0.0009397198097614676 0.00025672968750000005 0.0009434818941504176