1 0.9719437662190806 0.9268490010190884 0.8982600000000002 0.9267510000000002 0.8982302333507037 0.9959409989803397 0.9719139995697842 0.9960389999994279
1 0.7037029999999997 0.41623066135174086 0.7027332746780449 0.34795164929145495 0.6276882746780448 0.351246649291455 0.6286579999999996 0.4195256613517409
1 0.8735440000000001 0.9192940000000001 0.791765862048205 0.9192879999898786 0.7917640000000001 0.9977480000000002 0.8735421379517953 0.9977540000101215
1 0.9632260013273126 0.6918559998423675 0.9609409999999999 0.632374 0.8878949617594557 0.6410490045414768 0.8901799630867684 0.7005310043838443
1 0.638261 0.9261950000000001 0.555124 0.9254920000000001 0.5549208239997876 0.9997739985117562 0.6380578239997876 1.000476998511756
1 0.9615031442520188 0.6429879926447808 0.9603909991597466 0.5755569490541694 0.891257 0.579082 0.8923691450922722 0.6465130435906113
1 0.8671850000000001 0.526011 0.8663010244734236 0.45577199904779864 0.786882 0.458862 0.7877659755265763 0.5291010009522015
1 0.8690348488670695 0.7540289691731179 0.8682049995735949 0.6833839637001617 0.7914320000000001 0.686172 0.7922618492934748 0.7568170054729562
1 0.4696050260457357 0.7593359992747858 0.46897900000000003 0.6898280000000001 0.3945999739542644 0.6918990007252144 0.395226 0.7614070000000001
1 0.7034600672042359 0.6972019987172636 0.703047 0.630298 0.622311932795764 0.6318390012827364 0.6227249999999999 0.698743
1 0.7044979999999998 0.576907 0.7033524341819068 0.5154339749862195 0.628818434181907 0.5197279749862195 0.629964 0.581201
1 0.6342910000000002 0.6917940000000001 0.5597253216687611 0.6865579523671647 0.5581419773222313 0.7562659984075534 0.6327076556534703 0.7615020460403887
1 0.6320692660331322 0.30566605744337594 0.630953826668114 0.23777807976114196 0.5520093873030957 0.24178810207890802 0.5531248266681139 0.309676079761142
1 0.9705490488586338 0.867937000088062 0.898977 0.8678080000000002 0.8989349511413663 0.9399319999119385 0.970507 0.9400610000000003
1 0.1588270677228299 0.4252079967413368 0.15774899992516384 0.35594299519183625 0.0875044 0.359323 0.08858246779766606 0.42858800154950055
0 0.863801154504826 0.684127977055898 0.861737 0.6411559999999998 0.800100845495174 0.6503090229441021 0.8021650000000001 0.6932810000000001
0 0.160041 0.4690929999999999 0.15797807469360253 0.41999099029847975 0.08976347469360255 0.4288509902984798 0.09182640000000002 0.477953
0 0.6306500000000003 0.6394050000000001 0.5648200030709919 0.6353698451131877 0.5638209999999999 0.6857550000000001 0.6296509969290082 0.6897901548868125
0 0.23113099999999998 0.757644 0.23047007122906984 0.7101029969386305 0.16364699999999993 0.7129749999999999 0.16430792877093012 0.7605160030613694
0 0.2289470000000001 0.9470260000000001 0.16466000000000008 0.9413120000000004 0.16315663637222433 0.9936020565624605 0.22744363637222434 0.9993160565624604
0 0.62998 0.8018360000000001 0.6298009345427591 0.7531919893646015 0.564424934542759 0.7539359893646016 0.564604 0.8025800000000001
0 0.6334613868083607 0.8780580092772423 0.5651240000000002 0.8764190000000001 0.5647096131916395 0.9298329907227578 0.633047 0.9314720000000001
0 0.8648705417498519 0.3992889226577806 0.8627499934504761 0.353368858171323 0.7985309999999999 0.3625369999999999 0.8006515482993756 0.40845706448645747
0 0.6999240000000001 0.181163 0.6981621707408139 0.12722698275773006 0.6255770000000003 0.13455699999999998 0.6273388292591864 0.1884930172422699
0 0.15288000000000002 0.35681900000000005 0.15249603102826928 0.3058480039351312 0.0897617310282693 0.30730900393513116 0.09014570000000001 0.35828000000000004
0 0.8697191377647712 0.8790140082105897 0.8073341389123999 0.8752959486803719 0.806377 0.9249450000000002 0.8687619988523712 0.9286630595302182
0 0.16382399999999997 0.814316 0.16374443464778354 0.7658249977951835 0.09947809999750301 0.7661509984782173 0.09955766534971945 0.8146420006830338
0 0.3954003471545284 0.4097809952047553 0.395167 0.35755499999999996 0.3230606528454717 0.35855100479524465 0.323294 0.410777
0 0.864356 0.7585860000000001 0.7983547959936247 0.7563319930329788 0.797817 0.8050160000000003 0.8638182040063753 0.8072700069670214
0 0.9567179999999998 0.511717 0.9546014939221455 0.4631969333916341 0.8854684939221458 0.4725199333916339 0.8875850000000001 0.52104
0 0.227626 0.8157720000000002 0.227569 0.765574 0.1657529988654975 0.7657910008814689 0.1658099988654975 0.8159890008814691
0 0.16307 0.9992829999999998 0.162689 0.9471599999999998 0.09037049448119301 0.9487942449953377 0.09075149448119298 1.0009172449953376
0 0.16213299999999997 0.758448 0.161724200428841 0.7113129946259805 0.09910439995350193 0.7129919946387256 0.0995131995246609 0.7601270000127451
0 0.46276813058050664 0.1680389711176882 0.45958 0.123478 0.3956918694194934 0.1376090288823118 0.39888000000000007 0.18217
0 0.6256141937691134 0.23248398996357453 0.624728 0.17958999999999997 0.5575988062308866 0.1830670100364255 0.5584850000000001 0.23596100000000006
0 0.46745431361037715 0.930825976723015 0.4662209760342545 0.8794550017788006 0.39765666242387737 0.8845440250557858 0.3988900000000001 0.9359150000000002
0 0.1610251159039903 0.24155600257424545 0.09308310000000002 0.24004700000000004 0.09269198409600975 0.29448799742575466 0.160634 0.29599700000000007
0 0.8677389999999999 0.34307800000000005 0.8655733843491205 0.29086495071663365 0.7976773843491204 0.2995709507166336 0.7998429999999999 0.351784
0 0.395508 0.35509300000000005 0.3946200726669118 0.3055069959772118 0.33206507266691176 0.3089699959772118 0.332953 0.35855600000000004
0 0.6296500000000002 0.40994200000000003 0.6289297368782564 0.3566539692086027 0.5582127368782565 0.3596089692086027 0.5589330000000002 0.412897
0 0.9607420188906259 0.8005215554902331 0.9589569850046531 0.7480315590527917 0.8899929661140272 0.7552820035625587 0.8917780000000001 0.807772
0 0.21955544746243155 0.35644596774372145 0.21840499832191554 0.3071079280338469 0.156146 0.311596 0.15729644914051605 0.3609340397098745
0 0.400956 0.9438900000000001 0.33540200000000003 0.9412229999999999 0.3347008810205681 0.994500035843455 0.40025488102056805 0.9971670358434551
0 0.467863 0.8114440000000002 0.4667455152553116 0.7592059659239376 0.4006225152553116 0.7635789659239376 0.40174 0.815817
0 0.39621899999999993 0.582765 0.3955755165077102 0.5315779799263419 0.32154851650771027 0.5344549799263419 0.3221919999999999 0.585642
0 0.6975605369980878 0.5200159693289504 0.6966179999999998 0.468999 0.6249384630019118 0.47309303067104963 0.6258809999999998 0.5241100000000001
0 0.9591310208374134 0.5748739482657738 0.9579199988959342 0.5197629497563419 0.8877479780585208 0.5245300014905682 0.8889589999999999 0.5796410000000002
0 0.157485 0.587879 0.15681726661574072 0.5368239892199034 0.08858098682250173 0.53958299244619 0.08924872020676106 0.5906380032262867
0 0.7032800000000001 0.8707050000000001 0.6338878540049365 0.87004899861983 0.6337220000000001 0.9242870000000002 0.7031141459950637 0.9249430013801703
0 0.47232999999999997 0.9906379999999999 0.4713461121212005 0.9376089935687999 0.40509699999999993 0.9414089999999999 0.4060808878787995 0.9944380064312002
0 0.45725701430974636 0.40052144273432055 0.4557069820925008 0.3525644459535305 0.3936429677827545 0.35876600321920993 0.395193 0.406723
0 0.461565 0.2992330000000001 0.4607913259594442 0.24558698546696633 0.3952093259594442 0.24851098546696626 0.395983 0.30215700000000006
0 0.22558900000000004 0.538443 0.15956982972916064 0.5376299979031766 0.15937300000000004 0.5870430000000002 0.22539217027083946 0.5878560020968236
0 0.07490740842986854 0.46843979423046517 0.04916920000000004 0.46518 0.04497219157013155 0.5676272057695351 0.07071040000000005 0.5708870000000001
1 0.23578523211209282 0.2544569884381759 0.23449 0.17406899999999997 0.16053076788790716 0.1777530115618241 0.161826 0.258141
0 0.629581 0.575985 0.6290251868354851 0.5253329936618326 0.561845 0.5276119999999999 0.5624008131645147 0.5782640063381672
0 0.459228 0.4605850000000001 0.4567300009137107 0.4103859998594347 0.393918 0.42004899999999995 0.3964159990862893 0.4702480001405653
0 0.697682 0.295254 0.6972976941732274 0.24244898438141071 0.6241406941732274 0.24409498438141064 0.624525 0.2969
0 0.6292013649651532 0.4645169823230266 0.6284229992417516 0.41483495160203676 0.558947 0.4182 0.5597253657234016 0.46788203072098977
0 0.6293730678996825 0.5230089984281846 0.6289500000000001 0.4665089999999999 0.5546489321003177 0.46822900157181535 0.555072 0.524729
0 0.3948610000000001 0.6941580000000002 0.3941410991189474 0.648605995157228 0.330733 0.6517040000000001 0.33145290088105267 0.6972560048427722
0 0.7101430000000001 0.8036180000000002 0.7081631646603573 0.7493819814175716 0.6328970000000003 0.757876 0.634876835339643 0.8121120185824285
0 0.8718663105605915 0.5223020039177082 0.7972713065317724 0.5213609912519291 0.7970369959711809 0.5787829873342212 0.8716320000000001 0.5797240000000002
0 0.4625429999999999 0.5164500000000001 0.46094827146700185 0.46349897472439344 0.394122 0.46972100000000006 0.39571672853299805 0.5226720252756066
0 0.9539049999999999 0.2906520000000001 0.9529163013216455 0.23827198241668354 0.8838890000000001 0.24229999999999996 0.8848776986783545 0.29468001758331647
0 0.22737375685370426 0.8912410656621244 0.1640580000000001 0.885748 0.1626212431462959 0.9369459343378759 0.22593700000000008 0.9424390000000002
0 0.23026300000000005 0.47962300000000013 0.16016953023177477 0.47801598922977284 0.1597689925852717 0.532025999830005 0.22986246235349697 0.5336330106002323
0 0.9552050570400468 0.45671799691134224 0.9542929999999998 0.404646 0.884503942959953 0.4084250030886577 0.885416 0.46049699999999993
0 0.8278752622263436 0.42796214252393905 0.7751451889722426 0.399302559194286 0.7672579267458993 0.4441654166703471 0.8199880000000003 0.47282500000000016
0 0.230231 0.13300700000000001 0.22790429819631322 0.0772713615158264 0.16005029819631322 0.08602836151582641 0.162377 0.141764
0 0.16012 0.700432 0.158699 0.6518199999999998 0.0959065862685633 0.6574945302515123 0.09732758626856332 0.7061065302515124
0 0.6278062294224293 0.35173498141301585 0.626366 0.296777 0.5557249759681294 0.3025000829633975 0.5571652053905587 0.35745806437641336
0 0.6968868412369505 0.235807938709309 0.6956129747593149 0.1817549289811605 0.630293 0.186514 0.6315668664776356 0.24056700972814854
0 0.6240711512864878 0.17488798256231383 0.622216 0.12513000000000005 0.5603918487135122 0.13225601743768622 0.562247 0.18201400000000004
0 0.705532076012016 0.690276001065631 0.6289229999999999 0.6892020000000002 0.6286589239879841 0.7474359989343694 0.7052680000000001 0.7485100000000002
0 0.38974000000000003 0.1843690000000001 0.316742599708075 0.18235498895587582 0.31620199107772956 0.24293099975383303 0.3891993913696546 0.2449450107979573
0 0.8674840246987138 0.2794759960987679 0.864826 0.22745199999999996 0.7959889753012861 0.23832500390123207 0.7986469999999999 0.290349
0 0.5351089999999998 0.724493 0.5229834230555246 0.6752106782039035 0.46064400000000005 0.722629 0.4727695769444753 0.7719113217960966
0 0.7030640000000001 0.9361700000000002 0.6364018108130021 0.9338699934725918 0.6358200000000002 0.9860020000000002 0.7024821891869982 0.9883020065274086
0 0.463207 0.351058 0.462522 0.3017949999999999 0.3959819914690844 0.3046553864839454 0.39666699146908435 0.35391838648394547
0 0.9630640317628221 0.743179740224604 0.9607899890959833 0.6901837458846267 0.8934259573331613 0.6991200056600227 0.8957 0.752116
0 0.6962919999999997 0.46556300000000006 0.6953519341240093 0.4124729488645798 0.627304 0.41619799999999996 0.6282440658759904 0.4692880511354202
0 0.3978670505804562 0.8887640021002725 0.3327230000000001 0.8860590000000003 0.331990949419544 0.9405619978997279 0.39713500000000007 0.9432670000000002
0 0.233092 0.4742489999999999 0.2330390076403332 0.4175089999779398 0.157883 0.417726 0.15793599235966677 0.4744660000220602
0 0.46352229615100643 0.6414120072553503 0.39658000000000004 0.6397720000000001 0.3961567038489936 0.6931879927446499 0.46309900000000004 0.6948280000000001
0 0.1610707443635828 0.5299789672608748 0.16032499949972354 0.4775609648358381 0.09363889999999998 0.4804940000000001 0.09438464486385922 0.5329120024250368
0 0.9601220352300605 0.40123199761191186 0.958959 0.348189 0.8870999647699396 0.35306000238808816 0.888263 0.40610300000000005
0 0.3967100564751593 0.7538919978887793 0.396012 0.6961640000000001 0.3245359435248406 0.698836002111221 0.3252339999999999 0.7565640000000001
0 0.3975981204184108 0.818194999078078 0.39746199998104065 0.7632289923441562 0.328626 0.763756 0.32876212043737013 0.8187220067339218
0 0.22260837561292302 0.41032396407674904 0.221008 0.35859199999999997 0.14962397210529757 0.3654190983068395 0.15122434771822058 0.41715106238358857
0 0.46193815244081904 0.5852350097775726 0.39708 0.581075 0.3960038475591809 0.6329449902224275 0.460862 0.637105
0 0.6955539999999999 0.29581000000000013 0.6307604254559516 0.2932169770068879 0.630075 0.3461660000000001 0.6948685745440484 0.3487590229931123
0 0.16118043249610667 0.1596550227310597 0.08488310000000002 0.155645 0.08372166714680562 0.2239619982733072 0.16001899964291227 0.2279720210043669
0 0.9605710233126022 0.3475178419042872 0.9591109956877617 0.29479084426911734 0.8864149723751595 0.30101400236483017 0.8878750000000001 0.353741
1 0.960081 0.18272500000000025 0.8872570000000001 0.18137200000000023 0.8868884505092094 0.2426980083700288 0.9597124505092093 0.2440510083700288
0 0.474223056838441 0.5263460000309054 0.398819 0.5263050000000001 0.39880894316155896 0.583484999969095 0.47421300000000005 0.5835260000000001
0 0.15857309757054566 0.9393569990806452 0.15841499999425654 0.8874849981155619 0.0930391 0.888101 0.09319719757628912 0.9399730009650833
0 0.39241000000000004 0.303812 0.39198207225799736 0.25074299819869356 0.3245500722579974 0.25242399819869354 0.32497800000000004 0.305493
0 0.39840406332392153 0.41353100066459225 0.32113 0.41272 0.32093193667607856 0.4710629993354079 0.398206 0.4718740000000001
0 0.07718500784429612 0.7408173259049398 0.045320800000000064 0.739671 0.0440306883680894 0.8505359995815379 0.07589489621238546 0.8516823254864778
0 0.23083999999999993 0.6982910000000001 0.2301463931008403 0.6480889832093171 0.16016839310084038 0.6510779832093172 0.160862 0.7012800000000001
0 0.8706400673882734 0.2242149884785148 0.8674380000000002 0.166315 0.7860209326117271 0.1802350115214852 0.7892230000000001 0.23813499999999999
0 0.8696400000000001 0.16538300000000006 0.8678492765796086 0.11217097122528684 0.7898102765796086 0.1202899712252868 0.7916010000000001 0.17350200000000002
0 0.3980834818478298 0.6388569379686111 0.39582500000000004 0.584621 0.3190469639124809 0.5945051333822504 0.3213054457603106 0.6487410713508616
0 0.15517899999999998 0.06567110000000002 0.08641262170965645 0.06171489549587144 0.0853413 0.119284 0.15410767829034355 0.1232402045041286
1 0.8686230000000001 0.5746030000000002 0.7923280000000001 0.5717080000000001 0.7914528509639048 0.6430099943448526 0.8677478509639047 0.6459049943448526
0 0.481891 0.230422 0.47776520550854157 0.1634009608890413 0.38902699999999996 0.180289 0.3931527944914584 0.24731003911095872
1 0.39899900000000005 0.46651200000000004 0.32223839953765426 0.46473998613836276 0.3217110000000001 0.535369 0.3984716004623459 0.5371410138616373
0 0.39519200000000004 0.11859400000000005 0.31388600000000005 0.11397400000000008 0.31266214431238143 0.18056000820017232 0.3939681443123814 0.1851800082001723
1 0.2349086548066928 0.31314870340642537 0.2344549507853175 0.24588581859394273 0.16011442812042892 0.2474360441725611 0.1605681321418042 0.31469892898504376
1 0.8642091461674382 0.45442497290373934 0.8609740000000001 0.400473 0.8105148538325617 0.4098270270962607 0.8137499999999999 0.463779
1 0.0003385353992965064 0.0009009257206029666 0.0002894443282801882 0.0008997426470588237 0.0002891514656237049 0.0009373114114046992 0.0003382425366400231 0.0009384944849488422