1 0.8781884450267945 0.6387923693979694 0.877891254219099 0.5677553590085698 0.7997704450267945 0.5687583693979692 0.8000676358344899 0.6397953797873687
1 0.9842760000000002 0.9253310000000002 0.9070837503293492 0.9249229986803605 0.9069620000000002 0.9956150000000001 0.9841542496706511 0.9960230013196397
1 0.8788362741077649 0.74966898064357 0.877186 0.6779489999999999 0.7983227258922352 0.6835180193564299 0.799973 0.755238
1 0.7104380000000001 0.40897300000000003 0.7093814280922205 0.34185197931927097 0.633536 0.34551600000000005 0.6345925719077797 0.41263702068072905
1 0.8760588436055181 0.5234350198482526 0.8755997378365388 0.4551870220318326 0.7990186320675597 0.45676802421541274 0.799477737836539 0.5250160220318326
1 0.47553080759370464 0.5855585583782469 0.4752173349370617 0.5218385504165559 0.3974573349370617 0.5230125504165559 0.39777080759370465 0.586732558378247
1 0.9764386826851268 0.6391689547929574 0.9748889985731996 0.5673489338750191 0.902885 0.572117 0.9044346841119273 0.6439370209179384
1 0.9785686624681917 0.6316457057891354 0.9031867809523397 0.6304660979916124 0.9028616835034662 0.694223542535474 0.9782435650193183 0.695403150332997
1 0.47560702757840256 0.7602899992621667 0.47499399999999997 0.6899699999999999 0.3980709724215974 0.6920280007378332 0.398684 0.762348
1 0.6458250000000001 0.927369 0.565378 0.920782 0.5634399471407116 0.9934219956718816 0.6438869471407116 1.0000089956718818
1 0.16835710944988483 0.4191799988447023 0.1680691808927601 0.3538595928800234 0.08975079605378643 0.35491906026067954 0.0900387246109112 0.4202394662253585
1 0.715562 0.690967 0.7154697831906803 0.625430996617906 0.6358089999999998 0.625775 0.6359012168093195 0.691311003382094
1 0.6395630000000002 0.6874790000000001 0.5670499974550097 0.6838419998723522 0.5659060000000001 0.7538400000000002 0.6384190025449905 0.757477000127648
1 0.00046294265247373806 0.0008376037878862421 0.0004229672956152613 0.0008317049373339281 0.0004183761646525412 0.000927189384741804 0.000458351521511018 0.000933088235294118
1 0.9720315491449626 0.2376319950427358 0.971845 0.174212 0.8967384508550375 0.17489000495726417 0.8969250000000001 0.23831000000000002
1 0.982321182863333 0.8636140000000003 0.9050761828633332 0.8618780000000004 0.9045500736326377 0.9337210200191022 0.9817950736326376 0.9354570200191021
0 0.04268110024516127 0.5300613262221976 0.0425956 0.416291 0.010651799754838728 0.4163646737778026 0.0107373 0.5301350000000001
0 0.23622999999999997 0.9964369999999998 0.2362184304298488 0.9406929997258365 0.171849 0.9407339999999998 0.17186056957015117 0.9964780002741633
0 0.8770939999999999 0.681112 0.8751417308458636 0.6372129002534523 0.8100557308458635 0.6460959002534522 0.8120079999999998 0.689995
1 0.640356 0.29779799999999995 0.6391641041334155 0.22768799456704097 0.5575509999999998 0.23194599999999999 0.5587428958665843 0.30205600543295896
1 0.7155550000000002 0.5120640000000002 0.6340815510845775 0.5118769989696321 0.6340339992521077 0.5754579999982836 0.7155074481675303 0.5756450010286517
0 0.235438 0.75567 0.23459849899680763 0.7068060264156276 0.17013249899680763 0.7102050264156277 0.170972 0.759069
0 0.8770560000000001 0.396093 0.8759514236157638 0.34823996999135215 0.8110999769549979 0.35283400163249207 0.8122045533392341 0.40068703164113983
0 0.6395840000000002 0.6357450000000001 0.5723956255416551 0.6324579816805892 0.571607 0.6819290000000002 0.6387953744583449 0.6852160183194111
0 0.638658 0.345595 0.6375839385598866 0.29068594365762684 0.5612729385598867 0.29526694365762685 0.562347 0.350176
0 0.638316345560101 0.8757890024646857 0.5704563455766769 0.8753049953323676 0.5703330000000001 0.9283780000000003 0.638192999983424 0.9288620071323184
0 0.6398940262250244 0.40556499847347044 0.638868 0.35147 0.5652709737749756 0.3557540015265297 0.566297 0.40984900000000013
0 0.875168 0.7533790000000002 0.8075730000000001 0.7532900000000002 0.807551602139692 0.8031650007928168 0.8751466021396919 0.8032540007928168
0 0.6367220616460572 0.225333994274336 0.6351309999999999 0.17276200000000005 0.5637159383539427 0.17939500572566405 0.565307 0.23196700000000003
0 0.16279928438283336 0.46481090633536637 0.1605812843828334 0.4130109063353663 0.09221095724140148 0.42199527246423413 0.09442895724140148 0.4737952724642342
0 0.46543799999999996 0.45344599999999996 0.463638 0.4037609999999999 0.39867797816523864 0.41098339729993394 0.40047797816523867 0.4606683972999339
0 0.638366654616721 0.7484950118178203 0.57328 0.74732 0.5729843395013989 0.797580988075994 0.63807099411812 0.7987559998938143
0 0.40178900000000006 0.6871240000000001 0.40065506936857304 0.6422179946243272 0.337773 0.647091 0.3389069306314271 0.691997005375673
0 0.705686 0.2928290000000002 0.636416 0.2921590000000001 0.6362567016490384 0.3427030067865578 0.7055267016490384 0.3433730067865579
0 0.167942 0.754399 0.16739441576833272 0.7062009855035654 0.10145699999999999 0.7084999999999998 0.10200458423166732 0.7566980144964344
0 0.23144117028700342 0.5825699966068913 0.23112200000000002 0.5334120000000001 0.16236682971299662 0.5347820033931088 0.162686 0.58394
0 0.16113244752824551 0.5822009755952037 0.1602239996127773 0.5310759782081498 0.09259405208453178 0.5347640026129462 0.0935025 0.585889
0 0.47479099999999996 0.9303119999999999 0.47380631131254675 0.8780399820024121 0.4016413113125467 0.8822119820024119 0.402626 0.9344839999999999
0 0.23298559498680277 0.9388269987991701 0.23295099934103675 0.8862209979830836 0.172006 0.886344 0.17204059564576601 0.9389500008160864
0 0.401576 0.5798759999999998 0.4009192899002965 0.5260779891396421 0.326470987798621 0.528867000457093 0.32712769789832447 0.5826650113174507
0 0.973287 0.797884 0.9719183225190959 0.7451839742940457 0.9014570000000001 0.7507999999999999 0.902825677480904 0.8035000257059542
0 0.7070652125644492 0.22844797913132198 0.7054190000000001 0.176988 0.637499787435551 0.18365602086867808 0.6391460000000001 0.23511600000000002
0 0.7072799999999999 0.5140600000000001 0.7066465464175017 0.46216097953233787 0.6338715464175017 0.46488697953233776 0.6345049999999999 0.5167860000000001
0 0.4705115050146458 0.5126699571539189 0.4690419700795651 0.4595129176972232 0.397696 0.465566 0.39916553493508067 0.5187230394566958
0 0.464979517539185 0.3492419973842897 0.46489599834482376 0.2985279949542356 0.398019 0.2988660000000001 0.3981025191943612 0.3495800024300542
0 0.4639970643026622 0.3969149944934953 0.4626759999999999 0.349571 0.40027093569733774 0.35491500550650473 0.401592 0.40225900000000003
0 0.46903823848764975 0.294557991784365 0.46844100000000005 0.24135200000000007 0.40022376151235034 0.2437020082156351 0.400821 0.296908
0 0.7170641970473808 0.6879990068851789 0.6405080000000001 0.6853240000000002 0.6398408029526192 0.7439239931148215 0.7163970000000001 0.7465990000000002
0 0.975044 0.3385540000000001 0.9721035379197898 0.2854199086417339 0.897855 0.29803 0.9007954620802102 0.3511640913582662
0 0.47269072274250845 0.80906191685128 0.47081399570575366 0.7589988854479183 0.40456999999999993 0.76662 0.40644672703675466 0.8166830314033618
0 0.16252500000000006 0.649068 0.09902609851101543 0.6490449999994606 0.09902049999998296 0.6964800001448844 0.16251940148896757 0.6965030001454238
0 0.1683905627453418 0.9445350040092405 0.08992760000000005 0.9439760000000001 0.08979903724804278 0.999355998840485 0.1682619999933845 0.9999150028497255
0 0.155387 0.35069 0.15446858829944893 0.29883696802211795 0.09223119951908691 0.3022199728479051 0.09314961121963795 0.35407300482578713
0 0.6383480000000001 0.16601 0.6373786043752897 0.11362996567346412 0.568536 0.11753999999999996 0.5695053956247105 0.16992003432653585
0 0.40690882900349534 0.9401000059544719 0.3434220000000001 0.9396440000000001 0.3432991686560968 0.9921259940287179 0.40678599765959206 0.9925819999831899
0 0.47099266223758707 0.5821900439366783 0.40159766366982885 0.577585977685908 0.40046600000000004 0.6299330000000002 0.46986099856775826 0.6345370662507704
0 0.401086 0.4050060000000001 0.40052358666339877 0.35036998146666565 0.3276865866633988 0.3526709814666656 0.328249 0.40730700000000003
0 0.640720480853857 0.5162569667333808 0.6394629999999999 0.46047499999999997 0.5631425191461429 0.46575503326661905 0.5644 0.521537
0 0.969437 0.5102010000000001 0.9679995240748661 0.45881695500610153 0.898241 0.46480600000000005 0.8996784759251338 0.5161900449938988
0 0.163973 0.523939 0.1638656716529456 0.4712969957974302 0.09610209999234584 0.47172099624581443 0.09620942833940022 0.5243630004483844
0 0.23128546267778824 0.8125179815640107 0.23064898650588786 0.7634969606914084 0.16923700000000003 0.765944 0.1698734761719004 0.8149650208726021
0 0.881347 0.8755330000000001 0.8183879226301949 0.8719649956153137 0.817464 0.9219980000000001 0.8804230773698051 0.9255660043846866
0 0.1618230000000001 0.8887270000000002 0.09780663504082136 0.8846769958903488 0.09680470000000008 0.9332800000000001 0.16082106495917878 0.9373300041096515
0 0.23652159801500683 0.47004198624520915 0.23607400000000003 0.4103200000000001 0.16094540198499324 0.41204801375479094 0.161393 0.47176999999999997
0 0.399462 0.29951200000000006 0.3366698460242277 0.29865599790095454 0.336452 0.34769800000000006 0.39924415397577223 0.3485540020990456
0 0.8795851496562982 0.21738298706218107 0.8780119999999999 0.161537 0.8042468503437018 0.16791401293781888 0.80582 0.22375999999999996
0 0.4016930000000002 0.8882660000000002 0.33665691520345314 0.8862509973727624 0.3361570000000001 0.9357690000000001 0.4011930847965471 0.937784002627238
0 0.23557400000000003 0.6948470000000001 0.23444065154532884 0.6430299562655709 0.1617246515453288 0.6479109562655709 0.162858 0.6997280000000001
0 0.8794240006508753 0.2712669998949916 0.876683 0.219127 0.8051729993491246 0.23066400010500834 0.8079139999999999 0.282804
0 0.223026 0.34768200000000005 0.22192908406860754 0.29721899439181826 0.15979400000000002 0.3013640000000001 0.1608909159313925 0.35182700560818186
0 0.8809660323333315 0.33394691453716296 0.8790759971135789 0.2804879183585709 0.8056939647802471 0.28845000382140795 0.8075839999999997 0.341909
0 0.40277699999999994 0.748504 0.4005830589123391 0.6934479927953229 0.33145499999999994 0.701902 0.3336489410876608 0.7569580072046771
0 0.7112941518187369 0.17592098810211557 0.709857 0.11964199999999993 0.6397398481812632 0.12513701189788434 0.641177 0.181416
0 0.971542693560032 0.448587903019864 0.9691069999999998 0.3951300000000001 0.8952163064399677 0.40546209698013613 0.8976519999999999 0.45892000000000005
0 0.636582627904227 0.5699569278274257 0.6346999957134887 0.5196908855506897 0.5681349999999998 0.527342 0.5700176321907382 0.577608042276736
0 0.975158509642944 0.7360369547151856 0.9736619999999999 0.6843500000000001 0.9068449736870374 0.6902870911940264 0.9083414833299815 0.7419740459092119
0 0.4045894405837537 0.4077100030621644 0.32674943833482234 0.4071689960962903 0.32662099775106873 0.463882993034126 0.40446100000000007 0.46442400000000006
0 0.6347540000000002 0.46255300000000005 0.633913 0.410468 0.5675299917270458 0.41375748763754916 0.568370991727046 0.4658424876375492
0 0.7129956229470347 0.8689140100729005 0.642493 0.8677740000000003 0.6422083717845695 0.9217949898419111 0.7127109947316042 0.9229349999148113
0 0.8825323332133377 0.5178490111856832 0.8053473335803941 0.5152579776288714 0.804743 0.5705070000000001 0.8819279996329435 0.5730980335568118
0 0.705488 0.45864699999999997 0.7046724863957835 0.4051949772257088 0.6349624863957835 0.4084589772257088 0.635778 0.46191099999999996
0 0.07979403312241425 0.9340962205740694 0.05379966068644269 0.9334707263288143 0.053282927564028505 0.999374505754745 0.07927730000000008 0.9999999999999998
0 0.7140320000000001 0.9312610000000001 0.6446677322630782 0.928860990736281 0.6440360000000002 0.9848940000000004 0.7134002677369221 0.9872940092637194
0 0.2284482588577002 0.40184497764335697 0.226993 0.350134 0.15646774114229983 0.3562250223566431 0.15792300000000004 0.4079360000000001
0 0.163258 0.23505900000000005 0.09605912376786464 0.23450099853661557 0.09590530000000004 0.29135200000000006 0.1631041762321354 0.29191000146338447
0 0.39970950295242774 0.8150529819526043 0.39910499958062257 0.7633519641321403 0.332387 0.7657460000000001 0.3329915033718052 0.8174470178204641
0 0.40036244185212616 0.29857097345850714 0.399285 0.24352399999999996 0.3285655581478738 0.24777202654149283 0.329643 0.302819
0 0.9687986157585889 0.2830856846989846 0.9653216157585891 0.22842368469898458 0.8967365928564279 0.24181232465356542 0.9002135928564278 0.29647432465356544
1 0.23896517679756385 0.304344739532909 0.23771590207529256 0.2393566967454163 0.16208190207529252 0.24381869674541623 0.16333117679756384 0.308806739532909
0 0.9723495441948596 0.568713952658664 0.9708129975401167 0.5145079132206394 0.9023470000000001 0.520464 0.903883546654743 0.5746700394380246
0 0.530595 0.820921 0.527665 0.7060619999999999 0.49316699365503264 0.7087627512707801 0.4960969936550327 0.8236217512707804
0 0.16731345640738726 0.8117179950099851 0.167134 0.761345 0.10466354359261275 0.7620280049900151 0.104843 0.8124010000000002
0 0.47827499999999995 0.9871029999999997 0.47651144125483963 0.9330469558202603 0.40819544125483964 0.9398869558202605 0.40995899999999996 0.9939429999999999
0 0.2338456804593378 0.4723600099577966 0.165169 0.471355 0.16490031954066223 0.5277009900422034 0.233577 0.528706
0 0.47566423296616744 0.6393320127729597 0.40179521609688695 0.6352819570205286 0.4008169831307197 0.690037944247569 0.47468600000000016 0.6940880000000001
1 0.23901690292807287 0.24657255818871265 0.2386539938077609 0.17324083112119973 0.16509253039269164 0.17435806560418382 0.16545543951300365 0.24768979267169672
0 0.398813 0.23753900000000006 0.39864838410259595 0.17715099678666243 0.320951384102596 0.1778009967866624 0.321116 0.23818899999999998
0 0.233922 0.12587 0.23150356174030218 0.07335472060870064 0.16167456174030218 0.08322372060870065 0.164093 0.135739
0 0.469027 0.160228 0.46544012551546277 0.1124849710604719 0.40278112551546275 0.12693197106047188 0.40636799999999995 0.174675
0 0.720936 0.8016440000000001 0.719516 0.7448740000000001 0.6434559917088895 0.7507126685307408 0.6448759917088894 0.8074826685307408
0 0.884232 0.15938500000000003 0.8828113651361219 0.10297097178122494 0.8049929748666158 0.10898500194238059 0.8064136097304938 0.16539903016115565
0 0.15562709410118805 0.05682110313938853 0.0915417941374419 0.05468309980441432 0.0909007 0.11365700000000001 0.15498599996374612 0.11579500333497424
0 0.9721030000000002 0.3952710000000001 0.9704972694924773 0.3428469746675647 0.9023912694924772 0.3492489746675647 0.9039970000000002 0.4016730000000001
0 0.7061850758577184 0.2886219983913823 0.7058179998534941 0.23549797879738446 0.6385709999999999 0.2369239999999999 0.6389380760042241 0.29004801959399773
0 0.40279600000000004 0.636939 0.4004680446075072 0.5816698649691098 0.32414299999999996 0.591536 0.32647095539249277 0.6468051350308902
0 0.16526700574337633 0.15501500041651678 0.0852077 0.149209 0.08362869425662364 0.21602899958348323 0.163688 0.221835
1 0.875159 0.462097 0.8745961773898127 0.3995139951041083 0.798508 0.40161399999999997 0.7990708226101874 0.46419700489589166
0 0.489252 0.22428400000000007 0.486191 0.16064300000000004 0.3973799688671872 0.17375235272024092 0.4004409688671872 0.23739335272024095
1 0.403844 0.5291279999999999 0.40326800267811014 0.45996299993155365 0.327244 0.461906 0.32781999732188977 0.5310710000684464
1 0.00013059445706262496 0.0009353396215199808 0.0001305099685204617 0.0009025238970588235 0.00008392338134241177 0.0009028919961270779 0.00008400786988457503 0.0009357077205882352
0 0.39914877171112123 0.10556501058250632 0.31834877177239207 0.10445699687030552 0.318044 0.1726640000000001 0.3988439999387292 0.17377201371220088
1 0.0002540709147133692 0.000941153028289453 0.00025223382566147645 0.0008923492846033958 0.00021129512500896766 0.0008970786092551192 0.0002131322140608604 0.0009458823529411765
1 0.0003428094830850262 0.0009347780902368724 0.00034159338929695693 0.0008984347426470587 0.00029271150327384054 0.0009034544465278333 0.0002939275970619098 0.000939797794117647
1 0.8784478509943218 0.9922249876855964 0.8784478509943217 0.9245163562276629 0.8008020629167524 0.9245163562276631 0.8008020629167525 0.9922249876855966