1 0.8801229999999999 0.636326 0.8791361635448305 0.5653749930629813 0.801242 0.5686789999999999 0.8022288364551693 0.6396300069370185
1 0.709938 0.408969 0.7090472071758755 0.3421649915751383 0.6329872071758756 0.3452579915751382 0.633878 0.412062
1 0.6457990000000001 0.9252080000000003 0.5620973771159149 0.9229259830178677 0.5614300000000001 0.9975770000000004 0.6451316228840852 0.9998590169821329
1 0.47202600000000006 0.5832090000000001 0.4715025279814482 0.5183619870021485 0.39643500000000004 0.52021 0.3969584720185519 0.5850570129978516
1 0.8793425503909371 0.5186029748768836 0.8783119993172551 0.44975095438521556 0.8011300000000001 0.453274 0.8021605510736821 0.522126020491668
1 0.9853525949142505 0.9255990056614743 0.9089575918235274 0.9248719961156076 0.9087389969092768 0.9949229904541333 0.985134 0.9956500000000003
1 0.8794614493351216 0.7485449680809179 0.8778079983480663 0.6775609290810969 0.7986080000000001 0.683187 0.8002614509870554 0.754171038999821
1 0.9770430920594978 0.6369749922934759 0.97513 0.5672809999999998 0.9034679079405022 0.573280007706524 0.905381 0.642974
1 0.7133999629653415 0.6931499633431162 0.712561999525065 0.6260179619514092 0.632885 0.629051 0.6337229634402763 0.6961830013917069
1 0.476282 0.758156 0.4752549132165426 0.6892719584748029 0.39685391321654256 0.6928369584748029 0.397881 0.761721
1 0.8854405093576049 0.917941005074715 0.8025325093901521 0.9171149951120686 0.802266 0.998693 0.8851739999674528 0.9995190099626463
1 0.9789344812891153 0.688520970229129 0.9776679797422341 0.6260800012530751 0.905112498453119 0.6305680310239461 0.9063790000000002 0.693009
1 0.6397063385659805 0.29766197804853356 0.6382270000000001 0.22808000000000003 0.5561896614340197 0.23339902195146645 0.5576690000000001 0.302981
1 0.15781900141555347 0.4210260932377024 0.15676198638450686 0.3514041031937121 0.08358958496895338 0.3547920099560096 0.0846466 0.42441399999999996
1 0.6415930329338405 0.6856610009106349 0.56503 0.683544 0.5644209670661595 0.7507159990893651 0.640984 0.752833
1 0.9759579999999998 0.234808 0.9758261655422675 0.17113799895467247 0.900128 0.171616 0.9002598344577323 0.2352860010453275
1 0.9841567105518372 0.8668480300792164 0.9114687111391062 0.8637709877718853 0.9104690000000002 0.9357910000000003 0.9831569994127312 0.9388680423073312
0 0.16170899999999996 0.46669700000000003 0.1595774967037185 0.4157179366654077 0.08945739670371855 0.42465893666540766 0.09158890000000001 0.475638
0 0.8828590000000001 0.8757220000000001 0.8184829808361442 0.8718629389055796 0.8174870000000001 0.9225320000000001 0.8818630191638559 0.9263910610944206
0 0.23172500000000007 0.9459640000000002 0.1674510000000001 0.9410420000000002 0.1661862564809563 0.9914089430625022 0.23046025648095628 0.9963309430625023
0 0.8768895066627715 0.6812239310744969 0.8749549496294161 0.6378558708141013 0.8107 0.6465969999999999 0.8126345570333554 0.6899650602603954
0 0.639684 0.6363000000000001 0.5735190000000001 0.6326570000000001 0.5726395017281615 0.681370972565491 0.6388045017281614 0.6850139725654909
0 0.471546 0.8088780000000001 0.469778547814878 0.7594879402151209 0.40382254781487803 0.7666859402151209 0.40559000000000006 0.816076
0 0.8776960000000001 0.39586099999999996 0.8765810000000002 0.347278 0.8112829827838856 0.351848249856061 0.8123979827838854 0.40043124985606093
0 0.234146 0.755589 0.23321583957884456 0.7066929512925954 0.16693883957884462 0.7105379512925954 0.16786900000000002 0.759434
0 0.6381600029134347 0.34606417896147673 0.6372849866469065 0.29231517976906507 0.5617959837334718 0.2960630008075884 0.562671 0.34981200000000007
0 0.16548799999999997 0.8125359999999999 0.16547324037987424 0.7634679997794919 0.101156 0.7635269999999997 0.10117075962012569 0.8125950002205078
0 0.15465700000000002 0.353615 0.1541131352027573 0.30196099565867884 0.0906432352027573 0.3039989956586789 0.09118710000000001 0.355653
0 0.6365609999999999 0.22616399999999998 0.6348715059300581 0.17363404846045816 0.5625255059300582 0.18073004846045815 0.564215 0.23325999999999994
0 0.6408650948604439 0.8759290029658062 0.5718420000000002 0.8737710000000002 0.5712889051395564 0.9277209970341941 0.6403120000000001 0.9298790000000002
0 0.16463300000000003 0.7561880000000001 0.16426917548979178 0.7084949912645602 0.0998778 0.709993 0.10024162451020827 0.7576860087354399
0 0.3997911549493959 0.40553899497282103 0.3992289996549599 0.35269796756718924 0.326364 0.355062 0.32692615529443597 0.40790302740563184
0 0.6389950099942939 0.406405679789325 0.6382059953019329 0.35273868044807216 0.5636159853076388 0.3560830006587472 0.5644049999999999 0.40975
0 0.2305095604640352 0.8130549814696179 0.229963 0.762641 0.16693043953596484 0.7647250185303821 0.16747700000000004 0.815139
0 0.7073800207726244 0.514023167960559 0.706486 0.46375600000000006 0.6339399792273758 0.4676908320394411 0.6348340000000001 0.5179580000000001
0 0.876565 0.7521320000000002 0.8078619999999999 0.7518630000000002 0.8077957616422573 0.8034550029821373 0.8764987616422575 0.8037240029821373
0 0.707168364120115 0.22814796257629374 0.7054609965481404 0.17748689757631245 0.6366810000000002 0.18455599999999997 0.6383883675719747 0.23521706499998127
0 0.46407555667151845 0.454998954259223 0.46271999779098205 0.4046879180131672 0.39784 0.410019 0.3991955588805364 0.46033003624605584
0 0.4032450161403709 0.7492043383360897 0.4005799687640369 0.6933393452285781 0.327666952623666 0.7039470068924883 0.330332 0.7598119999999999
0 0.6378580000000001 0.7978159999999999 0.6378514072263937 0.7473879998376388 0.572639 0.7474139999999999 0.5726455927736065 0.797842000162361
0 0.46349099999999993 0.39758400000000005 0.46220970667878797 0.35016794176359184 0.39921870667878806 0.3553589417635918 0.4005 0.402775
0 0.15840303032701689 0.5834209980210527 0.1573209998605708 0.5328519934837378 0.0897231 0.5372629999999999 0.09080513046644607 0.5878320045373149
0 0.7043098202022764 0.29429102911647 0.6362508206153303 0.29187499363199987 0.635671 0.3416860000000001 0.703729999586946 0.3441020354844702
0 0.970972 0.509075 0.9690995996272638 0.4575539335423995 0.8983609638033733 0.46539400401172726 0.9002333641761094 0.5169150704693278
0 0.399947 0.688811 0.3990031727177124 0.6425269892589227 0.33537399999999995 0.646484 0.33631782728228754 0.6927680107410771
0 0.40199900000000005 0.5256140000000002 0.32889669722689385 0.5249729973451129 0.3287440000000001 0.5780800000000001 0.40184630277310623 0.5787210026548875
0 0.4684374920528049 0.5130519584279803 0.46700899999999995 0.4614889999999999 0.3963579746959968 0.46745808662476424 0.3977864667488018 0.5190210450527446
0 0.22856400000000002 0.5840270000000001 0.22823630211705953 0.5343679939200462 0.15996099999999996 0.5357419999999998 0.1602886978829405 0.5854010060799537
0 0.7135426809468984 0.9886769983192842 0.7134989991886628 0.9347049975337987 0.644622 0.9348749999999998 0.6446656817582356 0.9888470007854854
0 0.9756770606724914 0.3389961354847215 0.972814 0.2854139999999999 0.8987869393275086 0.2974768645152783 0.9016500000000001 0.35105899999999995
0 0.406545 0.9417289999999999 0.3390290000000001 0.938303 0.33814015289997573 0.991722007758684 0.4056561528999756 0.995148007758684
0 0.47394702221089063 0.9313881300832729 0.472908 0.878523 0.40100297778910937 0.8828328699167272 0.402042 0.935698
0 0.4781766267998238 0.988448957273017 0.47696599847862564 0.9342879319368356 0.4070189999999999 0.9390559999999999 0.4082296283211981 0.9932170253361813
0 0.6403302626261 0.5168389807996576 0.638996 0.4611819999999999 0.5642717373739 0.46664501920034224 0.565606 0.522302
0 0.713770110840039 0.8679920003513131 0.642782 0.867767 0.6427268891599609 0.9207929996486871 0.7137149999999999 0.9210180000000002
0 0.6362691410757705 0.5717929880585428 0.6348619999999999 0.521096 0.5676168589242296 0.5267880119414572 0.5690240000000002 0.5774850000000001
0 0.9746590000000003 0.796902 0.9728803267531799 0.7442669663263262 0.902315966324701 0.751539003470421 0.9040946395715214 0.8041740371440947
0 0.468578 0.294344 0.4676177230704369 0.24165895980803906 0.39810272307043687 0.24552295980803904 0.39906299999999995 0.298208
0 0.23516000000000004 0.46984900000000007 0.23467552475696493 0.4115609866985202 0.15936299999999998 0.4134699999999999 0.1598474752430351 0.4717580133014798
0 0.4695500000000002 0.5825520000000001 0.4005544029034665 0.5779589602512593 0.3994189782028968 0.6299739985489663 0.4684145752994304 0.6345670382977071
0 0.6371240000000001 0.167811 0.6362705721261291 0.11422497221205358 0.5684915721261291 0.1175169722120536 0.569345 0.171103
0 0.8802700598972278 0.2716751326997528 0.8775369990086854 0.21999098125352265 0.805674 0.23157999999999998 0.8084070608885425 0.28326415144623013
0 0.7169490000000001 0.6865380000000002 0.6388594538987211 0.6852839912303783 0.6385440000000001 0.7451910000000003 0.716633546101279 0.7464450087696222
0 0.9723292837258437 0.44961796323208036 0.9700700000000001 0.3964500000000001 0.8960437162741562 0.4060430367679197 0.8983029999999999 0.45921100000000004
0 0.40378900000000006 0.40895700000000007 0.3250899280886508 0.4074329986074424 0.3247270000000001 0.46458800000000017 0.4034260719113494 0.4661120013925578
0 0.8806160305383014 0.21774299754631501 0.879127 0.16122600000000004 0.8027589694616986 0.16736200245368504 0.804248 0.22387900000000002
0 0.4003212514657568 0.813956986157442 0.39938899999999994 0.76231 0.3312657485342432 0.766060013842558 0.33219799999999994 0.817707
0 0.882536 0.333558 0.8807316010790375 0.2806139375264349 0.8065890000000001 0.28831999999999997 0.8083933989209626 0.3412640624735651
0 0.22152983057007467 0.3530029338555311 0.22022299792469055 0.30295892052783885 0.15733700000000006 0.307967 0.15864383264538418 0.3580110133276922
0 0.710804 0.17622200000000002 0.7094148886982777 0.119844933221245 0.638921 0.125142 0.6403101113017222 0.18151906677875504
0 0.4643399999999999 0.34908 0.46420360060373134 0.2988339950278027 0.3972846006037314 0.29938799502780267 0.39742099999999997 0.34963399999999994
0 0.972326 0.5687290000000002 0.970638333276857 0.5151320640238324 0.9028453332768571 0.5216420640238323 0.904533 0.575239
0 0.8845421724970459 0.5701699963586467 0.884167 0.51597 0.8108828275029543 0.5175170036413532 0.8112580000000001 0.571717
0 0.39951301797165356 0.3515059989317343 0.398522 0.30066199999999993 0.3342909820283464 0.30448000106826567 0.335282 0.355324
0 0.16515999999999997 0.9970769999999999 0.16453755631600403 0.9446300052004062 0.08883305631600401 0.947370005200406 0.0894555 0.9998169999999997
0 0.6347743130848827 0.4633659862883558 0.634012 0.41028300000000006 0.5670866869151174 0.4132140137116443 0.5678490000000002 0.466297
0 0.225406 0.40553500000000003 0.22344351230433313 0.3526559420170012 0.15016196304247997 0.36095000418288054 0.15212445073814682 0.41382906216587945
0 0.16321813499284446 0.23632200134463613 0.094348 0.23563600000000004 0.09416186500715555 0.2926239986553639 0.16303200000000004 0.29331
0 0.975219 0.737269 0.9741605289066552 0.6862149665591439 0.907305 0.690442 0.9083634710933448 0.741496033440856
0 0.161892 0.6978040000000001 0.1604144868063174 0.6484929555171317 0.09702868680631738 0.6542849555171317 0.09850619999999999 0.7035960000000001
0 0.23052000000000006 0.8905010000000001 0.16626200000000005 0.8852010000000001 0.16490389496393074 0.9354160738166273 0.22916189496393075 0.9407160738166273
0 0.23190899999999995 0.530247 0.23173441818294657 0.4753729959425975 0.16216399681859506 0.4760480000308675 0.16233857863564843 0.53092200408827
0 0.4005827332660065 0.887838031676446 0.33516374803418797 0.885011989115299 0.33443000000000006 0.9368110000000001 0.3998489852318186 0.9396370425611472
0 0.7215731062131654 0.801227990303749 0.719887 0.7449020000000001 0.6433728937868347 0.7518870096962511 0.645059 0.8082130000000001
0 0.23347652420076154 0.6971449851417101 0.23299999999999998 0.6458749999999999 0.1613104757992384 0.6479070148582898 0.16178699999999996 0.699177
1 0.7166535801262095 0.574108989457268 0.7162819939332529 0.5117529819370824 0.634292 0.513243 0.6346635861929566 0.5755990075201856
0 0.7048339999999998 0.45959600000000006 0.7044325433791764 0.40609498756547996 0.6346879924975682 0.40769100017168325 0.6350894491183917 0.46119201260620335
0 0.15645015766663023 0.06304371151140786 0.08949843889636294 0.05815549553875869 0.0881642812297327 0.11388278402735086 0.155116 0.11877100000000003
0 0.3994753666489997 0.29990397824545845 0.398403 0.24478600000000003 0.3269926333510003 0.24902302175454155 0.328065 0.304141
0 0.16111 0.5253020000000002 0.1609912116870464 0.4715949985721372 0.09457309999850813 0.47204299932549426 0.09469188831146175 0.5257500007533572
0 0.9730720000000002 0.39573000000000014 0.9714303837319952 0.34301596355627195 0.9020413837319953 0.34960596355627194 0.9036830000000002 0.40232000000000007
0 0.8840839999999998 0.160032 0.8828861828346418 0.10393298809462123 0.806038 0.10893699999999996 0.8072358171653581 0.16503601190537875
0 0.47374700000000003 0.6397240000000001 0.39959800000000006 0.6367060000000001 0.3988736103562289 0.6909819841407856 0.4730226103562289 0.6939999841407856
0 0.39722834840196475 0.17834900469042622 0.320126 0.17731100000000005 0.3198516515980352 0.23945799530957387 0.3969539999999999 0.24049600000000004
0 0.9670612244001499 0.28220295761427283 0.9636509884364197 0.22714281329960584 0.894089 0.24028200000000002 0.8974992359637302 0.295342144314667
0 0.7060672059153679 0.28872799761041745 0.7058669999999999 0.2361149999999999 0.637273794084632 0.2369110023895825 0.637474 0.289524
0 0.1596101985771014 0.8855500012464573 0.09317619652404231 0.8851329987227927 0.09306699794694094 0.9381869974763353 0.15950100000000003 0.938604
0 0.23071206549975615 0.12912899424254168 0.229186 0.0761832 0.16023293450024384 0.08224420575745832 0.161759 0.13518999999999998
0 0.468742 0.16295899999999996 0.46567804873949165 0.11395099070722978 0.401617 0.126165 0.40468095126050835 0.1751730092927702
0 0.40162932396073914 0.6371019549455531 0.39910400000000007 0.581726 0.32158367603926097 0.592507045054447 0.32410900000000004 0.6478830000000001
0 0.07678360615917093 0.7669922543465888 0.0739841 0.651385 0.04017539384082905 0.6538817456534112 0.0429749 0.769489
1 0.2386291864455361 0.24985342916452613 0.23619104928548645 0.17096544209231657 0.15945091212543683 0.17819845502010703 0.16188904928548647 0.2570864420923166
1 0.875659 0.46280799999999994 0.8750063272848071 0.3989409898001419 0.798093 0.4013379999999999 0.7987456727151929 0.46520501019985805
0 0.548058 0.5420600000000002 0.5216901270127653 0.5109076721453287 0.47973873423505997 0.6191956860119681 0.5061066072222946 0.6503480138666395
0 0.48806416019163507 0.22488297552777056 0.484855 0.16082 0.39541883980836484 0.17448302447222938 0.398628 0.23854599999999995
1 0.401892701608252 0.5320229987671391 0.4018529999989875 0.46311999824280914 0.325594 0.46325399999999994 0.3256337016092645 0.5321570005243299
0 0.15825992249286336 0.22276138849705637 0.15795721518025732 0.16247391727893726 0.08745474558405039 0.1635534842425544 0.0877574528966564 0.2238409554606735
1 0.231071 0.302834 0.23056912677682642 0.23929099694637593 0.15907712677682645 0.24101299694637593 0.159579 0.304556
1 0.0005224347972406127 0.0009004998813228452 0.0004741563157894737 0.0008995082720588236 0.00047389885602291054 0.0009377354121591704 0.0005221773374740495 0.000938727021423192
0 0.39812852102265545 0.17856296865712476 0.3967319988147772 0.10776593991484508 0.32003100000000007 0.11238000000000001 0.3214275222078783 0.18317702874227967
1 0.000020134076574389 0.0009253233970642543 0.000013278684210526324 0.0008123060661764707 -0.0000032078607849153032 0.0008153558308769222 0.000003647531578947373 0.0009283731617647059