1 0.877004 0.9186420000000001 0.7921805595211096 0.9186039998026692 0.7921689998543298 0.997958999999935 0.8769924403332202 0.9979970001972658
1 0.7045404144026315 0.410466985789945 0.703816 0.34549699999999994 0.6302965855973685 0.348018014210055 0.6310209999999999 0.4129880000000001
1 0.9748410432373326 0.9949079996777108 0.9746779999999999 0.927639 0.8986109567626676 0.9282060003222891 0.8987740000000001 0.995475
1 0.9674691211189888 0.6938855370475399 0.966196998683659 0.6324374811749444 0.895014 0.6369695447589171 0.8962861224353297 0.6984176006315126
1 0.634249185305655 0.3003819936524146 0.633501 0.23321 0.5548838146943452 0.23590300634758546 0.5556320000000001 0.30307500000000004
1 0.4733969999999999 0.761493 0.47310927895401833 0.6897820088970866 0.3957132789540183 0.6907370088970867 0.39600099999999994 0.762448
1 0.8709865194942481 0.7521069620264991 0.8693309982656092 0.6824549270297214 0.7912009999999999 0.6881659999999999 0.7928565212286389 0.7578180349967776
1 0.871515 0.526889 0.871332137998505 0.4576529988791052 0.792908 0.45828999999999986 0.7930908620014951 0.5275260011208948
1 0.9664735442584506 0.6415039990760515 0.9647695323076512 0.5737209999999999 0.8944835203568515 0.5791550009239484 0.8961875323076509 0.6469380000000001
1 0.6351394683150312 0.688295705136554 0.5597501726131658 0.6837896874624556 0.5583654683150316 0.7550377051365541 0.6337547640168969 0.7595437228106524
1 0.6387770000000002 1.0000000000000002 0.6382768763849646 0.9244063155873993 0.556018 0.92608 0.5565181236150356 1.001673684412601
1 0.7080750384841896 0.6975087889709128 0.707672 0.6311277896895073 0.6299639615158104 0.632578790408102 0.630367 0.6989597896895076
1 0.15890315441283467 0.425246992578044 0.1577979998498674 0.3545359903940827 0.0886008 0.35786199999999996 0.08970595456296727 0.42857300218396127
0 0.04086690000000005 0.7501109999999999 0.013657900333878538 0.7499468298211113 0.013469300000000059 0.846077 0.040678299666121576 0.8462411701788886
1 0.8721604275309559 0.5739600238021714 0.7982464285377985 0.5698449681846638 0.796896 0.6444420000000002 0.8708099989931575 0.6485570556175078
0 0.8651227015250327 0.6857919140812639 0.8634259999999998 0.643187 0.802800298474967 0.650612085918736 0.8044969999999999 0.693217
0 0.2287573379052271 0.9471540319620347 0.16627600000000006 0.9412439999999999 0.16468366209477303 0.9930159680379653 0.22716500000000006 0.998926
0 0.16090429270085974 0.46937096639381287 0.15903300000000004 0.41924700000000004 0.0896681649600964 0.42721106143012755 0.09153945766095609 0.4773350278239403
0 0.631736012070198 0.6386810004381634 0.5667520000000003 0.6363220000000003 0.5661589879298022 0.6865609995618369 0.6311430000000001 0.6889200000000002
0 0.2326753941784807 0.7573769819591997 0.23195399999999997 0.7089029999999998 0.1652696058215192 0.7119550180408001 0.16599099999999997 0.7604289999999999
1 0.9697613423122492 0.8716749218970191 0.9013401173666374 0.8716749218970191 0.9013401173666374 0.9358224048594209 0.9697613423122492 0.9358224048594209
0 0.8693460000000001 0.400455 0.8672745669725692 0.35284692413328755 0.802406 0.361527 0.8044774330274308 0.40913507586671244
0 0.163179 0.99978 0.16304499977148743 0.9471739102900609 0.09014360000000002 0.947745 0.09027760022851258 1.000351089709939
0 0.1519796135747852 0.35591398250300704 0.15151099059777395 0.30537498600987856 0.08968647702298878 0.3071380035068716 0.0901551 0.3576770000000001
0 0.633209 0.801802 0.6327503464977869 0.7515349902769822 0.567000346497787 0.7533799902769821 0.567459 0.803647
0 0.635598004568154 0.8783793740805005 0.566613 0.8768310000000001 0.5662249927028864 0.9299949998362159 0.6352099972710403 0.9315433739167164
0 0.86784806496211 0.7591160001435814 0.8022440000000002 0.7589710000000001 0.8022099350378902 0.806369999856419 0.8678140000000001 0.8065150000000002
1 0.9643809999999999 0.24374499999999996 0.9639200659669502 0.17618799861581613 0.891671 0.177704 0.8921319340330498 0.24526100138418383
0 0.16252409097003367 0.7579699980956308 0.16220399999999996 0.710946 0.09972190902996632 0.7122540019043692 0.100042 0.759278
0 0.8728720053624932 0.8772980000656387 0.8091480000000001 0.8765180000000002 0.8089459946375069 0.9272719999343618 0.8726700000000001 0.9280520000000002
0 0.962586 0.512535 0.9603731645056787 0.461665977992253 0.888457 0.471287 0.8906698354943213 0.5221560220077469
0 0.47004722943048616 0.930293982657968 0.4687859999999999 0.8789790000000001 0.39893277056951376 0.8842590173420322 0.40019399999999994 0.9355740000000001
0 0.701352 0.181629 0.6997211602615432 0.12736598518725192 0.628585 0.13394099999999995 0.6302158397384567 0.18820401481274804
0 0.15836643539457038 0.5860279772948312 0.15750799964660478 0.5354029791590337 0.08924096425203443 0.5389630018642024 0.0900994 0.589588
0 0.629947 0.23284100000000005 0.6290762042296401 0.18073098950426458 0.559707 0.18429599999999996 0.5605777957703599 0.2364060104957354
0 0.45934399999999986 0.40021000000000007 0.45803799999999995 0.35210900000000006 0.3951839817871386 0.35735732920609337 0.39648998178713857 0.40545832920609337
0 0.39701 0.408515 0.3964542027101817 0.35547102569185945 0.3235582027101818 0.35782002569185944 0.324114 0.410864
0 0.16410100000000002 0.813364 0.1639420519494081 0.7650579994743051 0.101191 0.765693 0.10134994805059191 0.813999000525695
0 0.7008159999999999 0.516478 0.699965224218338 0.4658619884096305 0.631657 0.469393 0.6325077757816621 0.5200090115903695
0 0.2271702498936404 0.586603997323713 0.22699800000000006 0.537141 0.15995575010635968 0.5378590026762871 0.16012800000000002 0.5873220000000001
0 0.4642650258922572 0.2965919984432881 0.4632589999999999 0.24513200000000002 0.3959299741077426 0.24918000155671188 0.39693599999999996 0.30064
0 0.8733519999999999 0.3398270000000001 0.8700930710012003 0.28774398633708287 0.800588 0.301119 0.8038469289987996 0.35320201366291715
0 0.962367 0.573433 0.9606960873789305 0.5197209916403513 0.892201 0.526274 0.8938719126210696 0.5799860083596486
0 0.2287533635710122 0.8146709910060876 0.22834999195781527 0.7645240001989452 0.1673496283868031 0.7660330091928574 0.167753 0.81618
0 0.161304 0.294406 0.16126589962278656 0.23972199807234915 0.09312849930206951 0.23986799828730956 0.09316659967928297 0.2945520002149604
0 0.6323292562713754 0.4090139925654816 0.631839 0.35704199999999997 0.5606227437286244 0.3591080074345183 0.5611129999999999 0.41107999999999995
0 0.4691430018724589 0.810685913390391 0.4677189695344186 0.7600259161859413 0.4024299676619597 0.7656700027955503 0.403854 0.8163299999999999
0 0.69883 0.23429400000000003 0.6978205906937033 0.18238696467335683 0.6325755906937033 0.1862889646733568 0.633585 0.23819600000000005
0 0.39696999999999993 0.582709 0.39651938225786354 0.5311749897205535 0.32259199999999993 0.5331629999999999 0.3230426177421364 0.5846970102794463
0 0.40203300000000003 0.9434809999999999 0.3356978961917088 0.9415809970266714 0.33520200000000006 0.994826 0.4015371038082913 0.9967260029733285
0 0.632559 0.5216710000000001 0.6317303633601997 0.4676559828570358 0.5566329846702386 0.4711990007232426 0.5574616213100387 0.5252140178662069
0 0.8776650574484761 0.522365000346461 0.803214 0.521916 0.8030999425515237 0.5800789996535393 0.8775509999999999 0.5805280000000002
0 0.3967142255807827 0.6939669844096693 0.395653 0.646744 0.33019377441921727 0.6512680155903308 0.331255 0.6984910000000001
0 0.7095470000000003 0.6915530000000001 0.6320012466910243 0.6910529951427625 0.6318819979034203 0.7479299999864818 0.7094277512123961 0.7484300048437195
0 0.86963 0.27931 0.866989 0.22797399999999998 0.7966829695910119 0.23909740890730316 0.7993239695910119 0.2904334089073032
0 0.9642204924341048 0.8000439437429104 0.962273958783522 0.7476438904658105 0.8922379999999998 0.7556450000000001 0.8941845336505826 0.8080450532771
0 0.69791 0.29633600000000015 0.6324339196481191 0.29320394832131225 0.6316130000000001 0.3459820000000002 0.697089080351881 0.34911405167868803
0 0.21957 0.3562350000000001 0.2186345535344868 0.3070789676044207 0.15657499999999996 0.31071099999999996 0.15751044646551315 0.3598670323955794
0 0.631743 0.5753 0.6307224428626511 0.523986972911953 0.563266442862651 0.5281129729119529 0.564287 0.579426
0 0.47348880726877357 0.9898719406910018 0.47221999824795863 0.9367599266600064 0.405592 0.9416549999999999 0.40686080902081495 0.9947670140309954
0 0.9656999999999998 0.344977 0.9638340456290946 0.2893299952945622 0.8933069999999999 0.2966029999999999 0.8951729543709052 0.3522500047054377
0 0.7125389999999999 0.8053009999999999 0.7108047343429432 0.7504639285768095 0.634854 0.7578509999999999 0.6365882656570566 0.8126880714231903
0 0.39598100454956103 0.35426526075528797 0.3951189871182536 0.30485926169061883 0.3332319825686925 0.30818000093533093 0.33409399999999995 0.35758600000000007
0 0.4598160102327689 0.4582233470831901 0.4582889808291888 0.40642834974918146 0.3955149705964199 0.41212000266599136 0.397042 0.463915
0 0.7054350000000001 0.8707180000000002 0.6364795139985356 0.8706739996898838 0.636468 0.9261670000000002 0.7054234860014645 0.9262110003101165
0 0.22830045105042265 0.8917590387034263 0.16564742560412565 0.8863829507126313 0.16426597455370306 0.9358949120092049 0.22691900000000007 0.941271
0 0.6983593990796131 0.4654879721954425 0.6971439984240987 0.41183893043808945 0.6296119999999997 0.4165440000000001 0.6308274006555142 0.47019304175735316
0 0.6998669229987076 0.23941200842820703 0.6285729230258194 0.23876099929712336 0.6284169999999999 0.2912750000000001 0.6997109999728881 0.2919260091310838
0 0.3922596563934331 0.18363702801149467 0.31898399999999993 0.1805100000000001 0.31813234360656695 0.2418849719885055 0.3914080000000001 0.24501200000000012
0 0.3981009999999999 0.818466 0.3978190134557645 0.7647479997827721 0.32931 0.765854 0.32959198654423544 0.819572000217228
0 0.39859049158068494 0.7525429563070059 0.396988 0.697096 0.3257475084193151 0.703428043692994 0.32735 0.7588749999999999
0 0.8731213667763155 0.2242709516169776 0.870689 0.16756399999999996 0.7980119629741569 0.17715113679848585 0.8004443297504723 0.23385808841546346
0 0.2248611394652937 0.4085729831898006 0.222772 0.35526900000000006 0.14970486053470627 0.3640760168101994 0.151794 0.41738000000000003
0 0.6305641411856913 0.46565199706894606 0.630214999859878 0.41393097924263195 0.562344 0.41534 0.5626931413258133 0.4670610178263141
0 0.7064825986464156 0.9365240130058712 0.6380825987998675 0.9350379912837412 0.637715 0.987074 0.7061149998465481 0.98856002172213
0 0.961135 0.4560890000000001 0.9591952873100766 0.4030759676700845 0.8871940000000001 0.4111779999999999 0.8891337126899235 0.46419103232991543
0 0.23445000160786741 0.4727604535434793 0.23424399806288157 0.4146514535821288 0.1581569964550142 0.4154810000386496 0.15836300000000003 0.4735900000000002
0 0.3986124047163203 0.8885330153316316 0.3338584051827366 0.8860799774668858 0.3331990000000001 0.9396120000000001 0.39795299953358376 0.942065037864746
0 0.46487000000000006 0.515426 0.46324436092772814 0.4627809657243331 0.39477736092772814 0.46928296572433287 0.39640299999999995 0.521928
0 0.15920300000000007 0.8870079999999999 0.09346490000000007 0.8865759999999999 0.0933539862941345 0.9384820005670846 0.1590920862941345 0.9389140005670846
0 0.96443 0.40096499999999996 0.9628203068295236 0.34750897158533706 0.8911950000000001 0.35414199999999996 0.8928046931704766 0.40759802841466286
0 0.6318544718392384 0.34904798825025646 0.6314279997984039 0.29637897510301425 0.5576979999999999 0.298215 0.5581244720408345 0.3508840131472422
0 0.399662 0.47155700000000006 0.3996590091907673 0.4121639998437119 0.32217199999999224 0.4121759998451352 0.32217499080922496 0.47156900000142343
0 0.231479 0.6977390000000001 0.2308449929100875 0.6470359618170917 0.16013999291008754 0.6497549618170917 0.160774 0.7004580000000001
0 0.23103510455934848 0.4779190006728169 0.16125800000000004 0.47746999999999984 0.16114289544065155 0.5324819993271831 0.23092 0.5329310000000002
0 0.461938 0.17015300000000005 0.45805340398194455 0.12231089912198602 0.39529192041738825 0.1379830198725114 0.3991765164354438 0.18582512075052543
1 0.707854625786539 0.5782839730442679 0.7069719993970395 0.5152679569510092 0.6316139999999999 0.5185139999999999 0.6324966263894994 0.5815300160932586
0 0.46048736902803145 0.3522869970835361 0.460351999979691 0.29960999209706474 0.394554 0.30013000000000006 0.39468936904834045 0.3528070049864715
0 0.877107 0.16316699999999998 0.8757772923094599 0.10890705333584237 0.7996952923094599 0.11464105333584236 0.801025 0.168901
0 0.229447 0.132092 0.225894221982193 0.07694375602017747 0.15886499363895715 0.09022380126027019 0.16241777165676413 0.1453720452400927
0 0.3942941286573861 0.30388799717511894 0.393917 0.2510649999999999 0.3261468713426139 0.252553002824881 0.326524 0.30537600000000004
0 0.8077222903401955 0.44651954452596976 0.767075 0.36683500000000036 0.7415947096598043 0.40680745547403063 0.782242 0.48649200000000004
0 0.15987282812675033 0.6997799890010982 0.15966099995411498 0.6507309893752775 0.09656567182736463 0.6515690003741795 0.09677749999999999 0.7006180000000001
0 0.9589282143669107 0.2865699893133611 0.9580849999999997 0.23455199999999998 0.8870947856330891 0.23809101068663885 0.887938 0.29010899999999995
0 0.965979 0.741234 0.9648380754984436 0.6905509947732528 0.896616 0.6952740000000001 0.8977569245015565 0.7459570052267471
0 0.46668300000000007 0.6425889999999999 0.39790863786030745 0.6387159796061442 0.396933 0.6919960000000002 0.4657073621396926 0.6958690203938557
0 0.6312170858605053 0.17269299679219086 0.6305809995463361 0.12033296265624269 0.5656990000000001 0.12275699999999998 0.5663350863141693 0.17511703413594817
0 0.07770360000000007 0.6956919999999999 0.04489770226366188 0.6942958364215376 0.04330540226366186 0.8093598364215377 0.07611130000000006 0.810756
0 0.16171501654838988 0.16260647189190583 0.0872454 0.15543000000000004 0.08517736875910593 0.22142699698938428 0.15964698530749583 0.22860346888129013
0 0.16125299999999998 0.528572 0.16040864186180226 0.47702896766318736 0.09468769950522767 0.4803399697970993 0.09553205764342539 0.531883002133912
0 0.4633470545469576 0.585920004914963 0.40420500000000004 0.5805910000000001 0.4027079454530424 0.6316869950850371 0.46185 0.637016
0 0.15554434206275447 0.06499942350158018 0.08843573598390865 0.06038869560174476 0.08716439392115416 0.11729627210016459 0.15427299999999997 0.12190700000000003
0 0.545692 0.713003 0.5292920000000001 0.6679290000000001 0.4718940987593734 0.7321552714317069 0.4882940987593733 0.7772292714317067
0 0.399277 0.638913 0.3970950578459039 0.5840579929238255 0.32084099999999993 0.5933859999999999 0.323022942154096 0.6482410070761743
0 0.48429943723306335 0.5839819978280594 0.48420999999999986 0.5286109999999999 0.41274456276693644 0.5289660021719405 0.4128339999999999 0.584337
1 0.39934673844847374 0.4659600041278754 0.32403173845863403 0.465538998538002 0.3239049999999999 0.5352659999999999 0.39921999998983965 0.5356870055898734
0 1.000003157704362 0.14595268139031708 0.9851411719504461 0.14556188902935582 0.9842820142460844 0.24604720763903898 0.9991440000000001 0.24643800000000027
1 0.23534623103374908 0.25124898992710565 0.234221 0.17187799999999998 0.15802676896625095 0.17520001007289437 0.15915200000000002 0.254571
0 0.48476786403686767 0.2292518401323694 0.48077599999999987 0.16290100000000002 0.39088413596313215 0.17953315986763066 0.39487599999999995 0.24588400000000005
0 0.39906452360906997 0.11748302292703373 0.3145855384609964 0.11378397979080032 0.3136340000000001 0.18061600000000005 0.3981129851480736 0.18431504313623345
1 0.2291304282954457 0.30902698805962026 0.228529 0.24268200000000006 0.1576145717045543 0.24465901194037987 0.158216 0.31100400000000006
1 0.8678955213765726 0.4670499970082722 0.8677739981341919 0.4019190000107063 0.7968444767576194 0.4023260030024341 0.796966 0.467457
1 0.0003394858155525007 0.0009009321037685293 0.00029060220125786177 0.0009001746323529412 0.0002904151185824423 0.0009373050284409044 0.0003392987328770812 0.0009380624998564925