1 0.2134856280082985 0.7162098777541308 0.21297765410398145 0.6521951307621461 0.13703488969845362 0.6540718203198213 0.13754286360277065 0.718086567311806
1 0.21564352966714792 0.8309440481441122 0.2151333026708849 0.7669211790938372 0.139190675409806 0.7688059500708939 0.13970090240606903 0.8328288191211689
1 0.14215711583572804 0.8322890976105803 0.1416490356465179 0.7682652168718541 0.06570684355755452 0.7701420171634287 0.06621492374676466 0.8341658979021549
1 0.14430395149856884 0.8894151640855665 0.14379590310410642 0.8253912854626849 0.06785311018222326 0.8272679832172595 0.06836115857668566 0.8912918618401411
1 0.14399670340809528 0.9448614187252763 0.14348873535092826 0.8808476641482632 0.0675459630720423 0.8827243613927083 0.06805393112920934 0.9467381159697213
1 0.21706828029626096 0.932472 0.13984428029626095 0.932472 0.13984428029626095 1 0.21706828029626096 1
1 0.14497162000698335 0.9987549965134183 0.1444618989132097 0.9347350275429793 0.06851987736068987 0.936618 0.06902959845446352 1.000637968970439
1 0.45140060853879926 0.998621 0.4508806085387993 0.9281339999999999 0.37493692053525113 0.9298787397959738 0.3754569205352511 1.000365739795974
1 0.3820838308171483 0.9401741448859507 0.3815733155003491 0.8761502792206525 0.3056306249506338 0.8780360874655893 0.30614114026743294 0.9420599531308875
1 0.4530536704264726 0.8243717395937021 0.45254597102087096 0.7603579646665186 0.3766031907463985 0.7622336689740495 0.3771108901520001 0.8262474439012332
1 0.37963876179945466 0.8257518316790275 0.3791282195067182 0.7617279911514627 0.30318552977383123 0.7636138997638257 0.3036960720665677 0.8276377402913906
1 0.4521026073071656 0.7678759982660832 0.45159456199947623 0.7038522530386111 0.37565286880126375 0.7057289161247244 0.3761609141089532 0.7697526613521966
1 0.38040053557625514 0.6569480459197297 0.37989002824025486 0.5929243291375854 0.3039483372883979 0.5948100874655889 0.30445884462439815 0.6588338042477333
1 0.4525932371615659 0.4232700012927806 0.4523322371615659 0.3533250012927805 0.3797765584232579 0.35416814171060407 0.3800375584232579 0.4241131417106041
1 0.45136024109330763 0.3001419251791214 0.45054302098950266 0.2361261265925799 0.37902025040818277 0.23896954565293824 0.37983747051198774 0.30298534423947976
1 0.6038107177205554 0.27399641105474387 0.5315197177205554 0.27399641105474387 0.5315197177205554 0.3477094110547438 0.6038107177205554 0.3477094110547438
1 0.6049968423726223 0.3718302704093802 0.5337628423726222 0.3713982704093802 0.5336067079325297 0.4515747460837226 0.6048407079325299 0.4520067460837226
1 0.6115743814604891 0.5951741218013294 0.6110664065758873 0.5311592512740986 0.5351246419743027 0.5330359161247247 0.5356326168589045 0.5970507866519555
1 0.8489625933912034 0.9130220192191011 0.8484548295720764 0.8489992706715841 0.7725121283911291 0.8508749480648163 0.7730198922102561 0.9148976966123333
1 0.8454951645338041 0.4088832686606561 0.844984938724038 0.34486054849105574 0.7690423114629592 0.34674531946811255 0.7695525372727252 0.4107680396377129
1 0.20997976934639387 0.3048890589182799 0.20907435168445535 0.23775078065490315 0.13324426561820282 0.24093545462252067 0.13414968328014135 0.30807373288589746
0 0.24506464097125485 0.389284008142435 0.23170182622767013 0.2737884440369474 0.20144318951951545 0.28469095838817154 0.21480600426310018 0.40018652249365916
0 0.1883437491479899 0.30758444588945405 0.11797604539900633 0.3019406820678632 0.11660477114647337 0.35518503289745357 0.18697247489545696 0.36082879671904444
0 0.19887840157018535 0.36960992761404793 0.13110569563539237 0.3615812529122047 0.12917098970059937 0.4124405782103615 0.19694369563539238 0.4204692529122047
0 0.20201096537716096 0.47780439763827104 0.20090690736838776 0.4221156501183629 0.13689690736838778 0.42606765011836273 0.13800096537716097 0.4817563976382709
0 0.20565314991600472 0.5347336800075733 0.13787944846743289 0.526704887372468 0.1359447470188611 0.5775640947373627 0.20371844846743292 0.5855928873724681
0 0.13380451700427556 0.7094153896301665 0.06431853679986581 0.7058229904401978 0.06336690041543416 0.7631459102341703 0.1328528806198439 0.766738309424139
0 0.19947219707563937 0.7214318549141657 0.1299957343427117 0.7181914843649312 0.12922095545226622 0.7699242228888542 0.1986974181851939 0.7731645934380886
0 0.20359652321455898 0.8800913834326954 0.2031693250353625 0.8275058013972394 0.13645234773599696 0.8291936898273179 0.13687954591519344 0.8817792718627739
0 0.20338104295779622 0.9386954994404418 0.20289774229429874 0.8893389355276304 0.14112278535080583 0.8912227129692981 0.14160608601430327 0.9405792768821095
0 0.3609996834323822 0.2977807004402435 0.3606230943205667 0.24127181696985958 0.2825314840341323 0.24289250743783838 0.2829080731459478 0.29940139090822226
0 0.3616897067252078 0.3557495602917231 0.36131122391436793 0.29924066159505247 0.28321653609283237 0.3008695655465615 0.2835950189036722 0.35737846424323216
0 0.36418507854592713 0.42042639015713273 0.36380869007405836 0.36390840637905997 0.2857118753180048 0.3655280804909496 0.28608826378987356 0.42204606426902236
0 0.4480430071033003 0.35219694236337884 0.44766665961348656 0.29568806086418503 0.3695738043009767 0.2973077373655401 0.36995015179079044 0.3538166188647339
0 0.36768000365234427 0.4676947967190441 0.36728903438638905 0.4135371462346306 0.2977676819022111 0.41510009838679585 0.2981586511681663 0.4692577488712094
0 0.43724408542691806 0.4686805015127205 0.43646528256763095 0.4193625388093807 0.3710492825676309 0.4225795388093807 0.37182808542691803 0.47189750151272053
0 0.367010664245178 0.5347751238849194 0.36658137879234615 0.4790441951690853 0.29938484848766156 0.4806561074606808 0.29981413394049344 0.536387036176515
0 0.36403113080452665 0.5963137826341185 0.36360287523062806 0.5405829082385084 0.29640629971556565 0.5421909561149089 0.2968345552894642 0.597921830510519
0 0.43916230883629326 0.5931474185263707 0.4387330233834615 0.5374164898105366 0.371536493078777 0.5390284021021321 0.3719657785316088 0.5947593308179662
0 0.43867751030818375 0.6498831641793397 0.43824917790490814 0.5941422916222957 0.3710526715362851 0.5957503378439871 0.37148100393956074 0.651491210401031
0 0.36843400224743167 0.7071548243112389 0.3678184429648451 0.6554151809819289 0.3023920092290081 0.6578392465866887 0.30300756851159466 0.7095788899159986
0 0.43834356693706106 0.7073113901571328 0.4377080397856651 0.6531602142428772 0.37161987585400447 0.6555756448805692 0.37225540300540044 0.7097268207948249
0 0.44467694430668103 0.5235315934380887 0.44213720122918615 0.46735259658315276 0.3690122012291862 0.47764759658315264 0.3715519443066811 0.5338265934380886
0 0.3697334861823615 0.7605920142592865 0.3696223099382775 0.7108623508697791 0.30592879556350255 0.7113057923930227 0.3060399718075866 0.7610354557825302
0 0.3693491054785085 0.875795064958935 0.3687335366548222 0.8240554220972247 0.3033081027792097 0.8264794882509932 0.3039236716028961 0.8782191311127034
0 0.4369483493738961 0.872587718143457 0.4363325349296497 0.8208490874655889 0.37090710917868897 0.8232741679963788 0.3715229236229354 0.8750127986742469
0 0.43067641818519387 0.9300575934380885 0.43056516511340714 0.8789525274297935 0.3723850314758943 0.8793469551584073 0.372496284547681 0.9304520211667022
0 0.36818665019572844 0.9932995221842194 0.36791655758025854 0.9415570674704968 0.3021413515259334 0.9426263009927314 0.3024114441414033 0.994368755706454
0 0.5978635097940528 0.24204500615044178 0.597602615322971 0.18900963001513232 0.5365182229404072 0.18994541085161196 0.5367791174114891 0.2429807869869214
0 0.6637020066441851 0.2563764990679573 0.6634212717931521 0.2032304056242265 0.6042314356165822 0.2042040868319147 0.6045121704676153 0.25735018027564543
0 0.6712030482260845 0.35427987274168277 0.6710172400765939 0.30270334929885767 0.6068629826878792 0.3034231012356066 0.6070487908373697 0.3549996246784317
0 0.6638798816233958 0.4507884437051533 0.6629221108251236 0.39784568432143624 0.606551944306681 0.4010214540373159 0.6075097151049532 0.45396421342103305
0 0.5984073210517132 0.5292055219519374 0.5977917526686424 0.47746591612472467 0.5323653192336452 0.47989001931299075 0.5329808876167161 0.5316296251402034
0 0.6682460178998088 0.5213833384117424 0.6676302038965464 0.46964474478386053 0.6022037785865699 0.47206986236463633 0.6028195925898322 0.5238084559925182
0 0.6666780444626315 0.5813501501694414 0.6658428694130981 0.5302684420923165 0.6053146600986129 0.5333503140641925 0.6061498351481462 0.5844320221413174
0 0.5971522532519365 0.5957310957143185 0.5324686011563039 0.594333390157133 0.532122949060671 0.6441486845999475 0.5968066011563037 0.645546390157133
0 0.6719226447095045 0.6377160854216263 0.6713070854269179 0.5859764420923164 0.6058806516910809 0.5884005076970764 0.6064962109736675 0.6401401510263862
0 0.6746307953708416 0.6942229136131628 0.6740152265471552 0.6424832707514526 0.6085887931121581 0.6449073739397185 0.6092043619358445 0.6966470168014288
0 0.6039054181851942 0.6525218961296327 0.5395967620761416 0.6484580963633784 0.5386974181851939 0.6927788961296326 0.6030060742942465 0.696842695895887
0 0.604242511323522 0.8135264868891964 0.6030060003549503 0.7623442984300165 0.5400453589391045 0.7670811844200236 0.5412818699076762 0.8182633728792035
0 0.6720009861452829 0.8131753759298062 0.6713851812459375 0.7614367447838605 0.6059587556346206 0.7638618247654213 0.6065745605339661 0.8156004559113669
0 0.669667653809989 0.8728281473301177 0.6690520854269181 0.821088541502905 0.6036256519919211 0.8235126446911709 0.604241220374992 0.8752522505183836
0 0.6004533223661745 0.81680262537818 0.5369113223661746 0.8167106253781801 0.5368894430151308 0.8637706506386332 0.6004314430151307 0.8638626506386332
0 0.6007765567064124 0.9862995909265265 0.600160987882726 0.9345599480648161 0.5347345544477291 0.9369840512530823 0.5353501232714155 0.9887236941147926
0 0.5996309774677805 0.927238428103355 0.599015418185194 0.875498784774045 0.5335889844493569 0.8779228503788048 0.5342045437319435 0.9296624937081148
0 0.6729903510990686 0.9882845787426843 0.672374536654822 0.9365459480648166 0.6069481113448456 0.9389710656455924 0.6075639257890921 0.9907096963234601
0 0.6662253506580844 0.9297827530237468 0.6656095366548221 0.8780441593958648 0.6001831113448457 0.8804692769766406 0.600798925348108 0.9322078706045227
0 0.8422118436713965 0.29475386686821675 0.7649322038965464 0.291924390157133 0.7643343778555625 0.34277292700923095 0.8416140176304125 0.3456024037203147
0 0.9078931196170553 0.2932269557274211 0.8413536551244504 0.2917569480648164 0.8409911906318452 0.3428509404022117 0.9075306551244502 0.3443209480648164
0 0.9066022632652146 0.3986837827000108 0.9063404925634891 0.34774728633231566 0.8435149669572899 0.34875276477895273 0.8437767376590153 0.3996892611466478
0 0.9032538503872991 0.4527544509513412 0.9029918176678958 0.4018179572877662 0.8401662997155656 0.40282444209231655 0.8404283324349688 0.45376093575589155
0 0.83842064104462 0.455513096986855 0.8381586245161139 0.404575604487857 0.7753281063523546 0.40558208746558894 0.7755901228808607 0.4565195799645869
0 0.8361028496673927 0.5126556909233047 0.8358410833108592 0.46171921077496164 0.7730155575802584 0.46272467285358454 0.7732773239367919 0.5136611530019275
0 0.9028895184823456 0.5114834041118806 0.9024148843191161 0.4605388902718315 0.8429944930787767 0.462262908074632 0.8434691272420062 0.5132074219146812
0 0.8394368694130981 0.566085 0.8388138702796414 0.5124414204196558 0.773655869413098 0.514798 0.7742788685465548 0.5684415795803441
0 0.9048161405747959 0.5675146634429924 0.9045543742182623 0.5165781832946493 0.8417288484876616 0.5175836453732723 0.841990614844195 0.5685201255216153
0 0.8408110430306038 0.6237468147887644 0.8405492766740703 0.5728103346404214 0.7777237509434695 0.5738157967190443 0.777985517300003 0.6247522768673873
0 0.9054304733330715 0.6220364921021284 0.905168706976538 0.5711000119537852 0.8423431812459371 0.5721054740324081 0.8426049476024706 0.6230419541807513
0 0.9048786666962828 0.6757494721070361 0.9046169003397494 0.6248129919586929 0.8417913746091483 0.625818454037316 0.8420531409656818 0.676754934185659
0 0.8380456359011603 0.6771841090142476 0.8377836245161138 0.6262476164328564 0.7749531063523544 0.6272540994105884 0.7752151177374009 0.6781905919919796
0 0.8360479395078577 0.7311727222291173 0.8357835310478516 0.6802361084045904 0.7729530314587715 0.6812517967190442 0.7732174399187777 0.7321884105435712
0 0.905946378036467 0.7293246149867472 0.9056843666514207 0.678388122405356 0.8428538484876614 0.6793946053830879 0.8431158598727078 0.7303310979644791
0 0.9068944958072261 0.7858063095594691 0.9066327506811348 0.7348698144914849 0.8438012248219826 0.7358752907465445 0.8440629699480741 0.7868117858145286
0 0.837170559479896 0.7919081482597973 0.8369085267604928 0.740971654596222 0.7740830088081627 0.7419781394007724 0.774345041527566 0.7929146330643476
0 0.8382042726571418 0.9675061955038221 0.8379398426675775 0.916569580593523 0.7751143432916111 0.9175852707514525 0.7753787732811754 0.9685218856617515
0 0.8310453031428843 0.8502721090142475 0.8307832917578377 0.7993356164328564 0.7679527735940785 0.8003420994105884 0.7682147849791251 0.8512785919919795
0 0.9101567716211324 0.9693895602571648 0.9098926295031718 0.9184529598694042 0.8470621272777908 0.9194676253781802 0.8473262693957514 0.970404225765941
0 0.9047176141946288 0.9062557995305496 0.9044558691507631 0.8553193204639848 0.8416243432916111 0.8563247967190444 0.8418860883354766 0.9072612757856092
0 0.9154579669572898 0.8481714540373161 0.9150471860834912 0.7972287683690331 0.8481979669572899 0.7989074540373161 0.8486087478310884 0.8498501397055991
0 0.9945820542239489 0.9960100759170105 0.9926476331847564 0.8776123646087752 0.9578192650516602 0.8793844534573735 0.9597536860908527 0.9977821647656088
0 0.7676032749944949 0.3822500328471344 0.7587410349243929 0.32688645579039166 0.6947662082866106 0.35877782405847936 0.7036284483567126 0.4141414011152221
1 0.21049578653740628 0.5484351307115541 0.21035878400056404 0.4830715954441661 0.1344129705823371 0.48356732131014296 0.13454997311917932 0.548930856577531
1 0.21290980268543339 0.6606336027378849 0.21277280014859112 0.5952700674704969 0.13682798671668295 0.5957657868092004 0.1369649892535252 0.6611293220765885
0 0.9758931712626038 0.7325726178636495 0.9508748968325239 0.7255818045067314 0.9409859171998881 0.835793020425473 0.966004191629968 0.8427838337823911