1 0.6305832389523114 0.5720459980554864 0.6304019999791638 0.5012639918625053 0.556424 0.501866 0.5566052389731476 0.5726480061929812
1 0.4018508408266574 0.7747099834330411 0.4014189998778626 0.7050539802992265 0.32675999999999994 0.7065249999999998 0.3271918409487947 0.7761810031338144
1 0.8637952534507581 0.5077839957813417 0.863439 0.439762 0.785396746549242 0.44106100421865835 0.785753 0.509083
1 0.23753601811335556 0.4853110011660979 0.16011799788320785 0.4803269998637256 0.15881997976985232 0.5444059986976278 0.23623800000000003 0.5493900000000002
1 0.6237020632516272 0.38881800271172134 0.554286 0.38584200000000013 0.5533879367483727 0.45241599728827886 0.622804 0.4553920000000001
1 0.23689935186680805 0.8317469894320364 0.236289 0.767161 0.15890899083620788 0.7694850303092138 0.15951934270301596 0.8340710197412502
1 0.6275139706677766 0.3292630192930392 0.5542589770453047 0.32780699954375153 0.5538469999999999 0.39368100000000017 0.6271019936224718 0.39513701974928783
1 0.47178400000000015 0.7040300000000004 0.396313974787232 0.7014239991293965 0.39561000000000013 0.7662170000000003 0.47108002521276826 0.7688230008706041
1 0.402168 0.6457270000000002 0.3226128368706989 0.6451029987204742 0.32244 0.7151340000000003 0.40199516312930117 0.7157580012795263
1 0.16310235012496543 0.37146161567781305 0.08701825012742005 0.37112561391134824 0.08692786356409221 0.43617261397068713 0.1630119635616376 0.4365086157371519
1 0.466933 0.5925850000000001 0.4664181972502747 0.5274309950467709 0.393702 0.529257 0.39421680274972526 0.5944110049532292
1 0.863651128492831 0.4981340012476497 0.7869250000000001 0.4973890000000001 0.7867208715071692 0.5642019987523506 0.8634470000000001 0.5649470000000002
1 0.9390656712404052 0.15584302721549242 0.8615706845083413 0.1527009872083674 0.8606339999999999 0.22612300000000013 0.9381289867320639 0.22926504000712516
1 0.16037600000000002 0.256191 0.08238640000000001 0.255407 0.08217060928509086 0.32362899808281503 0.16016020928509087 0.32441299808281504
1 0.8663610005216529 0.6223000592988015 0.8657489917267943 0.5527300595446886 0.7850229912051413 0.554987000245887 0.7856349999999999 0.6245569999999999
1 0.15736317944871434 0.0047484411555930375 0.08107817955263526 0.004257189868325449 0.08092800000000001 0.07837410000000002 0.1572129998960791 0.07886535128726761
1 0.6306440985985875 0.44474300229872965 0.551936 0.4429080000000001 0.5514439014014125 0.5099899977012706 0.630152 0.5118250000000001
1 0.935178 0.6110290000000002 0.8586415180612972 0.6091109879225668 0.8581089999999999 0.6766450000000002 0.9346454819387026 0.6785630120774335
1 0.6990440000000001 0.2833157785064707 0.6984264517591702 0.21634776526666843 0.62134645175917 0.21860676526666845 0.621964 0.28557477850647073
1 0.16727700000000004 0.8862699999999999 0.09143161624282777 0.8812959945071325 0.0901261993242815 0.9445580327461157 0.16597158308145374 0.9495320382389831
1 0.23694301182903524 0.5967450460161993 0.1596470000000001 0.5936990000000001 0.15884098760643764 0.6587019995116001 0.23613699943547278 0.6617480455277994
1 0.16326519473522091 0.7805569998379863 0.16324599999997821 0.7072329999168032 0.0839159052647573 0.7072990000788167 0.0839351 0.780623
1 0.3988123659320024 0.533966030265053 0.32778936807972064 0.5280919477359168 0.3260140000000001 0.5963130000000001 0.39703699785228186 0.6021870825291363
1 0.24036000093686616 0.8205795306633012 0.16098900000000008 0.8200760000000001 0.16084799800387606 0.8907129999873367 0.24021899894074217 0.8912165306506378
1 0.39712800000000004 0.47921099999999994 0.32123998768121476 0.47868199991412824 0.321098 0.5434170000000001 0.3969860123187852 0.5439460000858719
1 0.2369150000000001 0.6524190000000001 0.15992699868089194 0.6516584243576884 0.15970999868089195 0.7214674243576884 0.23669800000000008 0.7222280000000001
1 0.46519800000000006 0.5386010000000001 0.46449300000000004 0.47668599999999994 0.3909669972353909 0.47934675720457304 0.3916719972353909 0.5412617572045731
0 0.28513300000000014 0.7850950000000002 0.25706899765058094 0.7846264472214753 0.2564899976505809 0.8948414472214754 0.2845540000000001 0.8953100000000003
1 0.2395940132958711 0.5395475612705942 0.16231000000000004 0.5321040000000001 0.16037396978279733 0.5959879970896491 0.2376579830786684 0.6034315583602432
0 0.8585900090965086 0.39486303187073263 0.7928899999999999 0.3927880000000002 0.7923869905897213 0.44340399970279126 0.8580869996862301 0.4454790315735237
1 0.401009 0.8869279999999999 0.39963199999999993 0.8201299999999999 0.3265989951756872 0.8249147659735332 0.3279759951756872 0.8917127659735332
0 0.04696430000000003 0.05455400000000002 0.01437510331920152 0.047081453994502746 0.0056939033192015005 0.16740645399450277 0.03828310000000001 0.17487900000000003
0 0.16233048276850207 0.8380740204924938 0.08988820000000004 0.8349989999999999 0.08914071700484862 0.8909639964770327 0.1615829997733507 0.8940390169695266
0 0.540379002087809 0.36022128356707195 0.539566 0.24979899999999994 0.513209997912191 0.25041571643292804 0.514023 0.360838
0 0.15913700000000006 0.9519989999999999 0.0904963527875303 0.9451932346656247 0.08878650000000006 1 0.15742714721246984 1.0068057653343752
0 0.6231251096539002 0.333552997635369 0.6227679998537001 0.2809229784386599 0.5572890000000001 0.282335 0.5576461098002002 0.33496501919670907
0 0.39978600056430913 0.6500061770071799 0.3996159974086548 0.5966811871712013 0.3324209968443457 0.5973620101640216 0.332591 0.650687
0 0.9295832560203799 0.2252150165389761 0.8674470000000001 0.22120100000000023 0.8664387439796202 0.27080398346102436 0.9285750000000002 0.27481800000000023
0 0.6904765174502362 0.11478302817483776 0.626140518382223 0.11127997377621725 0.625264 0.1624410000000001 0.6895999990680134 0.16594405439862062
0 0.14908108211833968 0.13299599977255216 0.1490349999997586 0.08011959972302503 0.0811589 0.08030759999999999 0.08120498211858108 0.13318400004952716
0 0.15040643150368732 0.6614740181614497 0.08335720000000003 0.658652 0.08267376832918824 0.7102579944581404 0.14972299983287554 0.7130800126195901
0 0.216361 0.13007100000000002 0.21542006046008463 0.07682929660414158 0.149723 0.08051930000000002 0.15066393953991536 0.13376100339585847
0 0.863003267742019 0.674791988502169 0.862243 0.618527 0.794898732257981 0.6214190114978309 0.795659 0.677684
1 0.16519106279084458 0.5367040060497841 0.08622736308208351 0.5290959964430255 0.08403330000000003 0.6014689999999999 0.16299699970876114 0.6090770096067585
0 0.161816 0.7806659999999999 0.08921511703369349 0.7804279994001988 0.08915739999966191 0.8363830003278193 0.16175828296596842 0.8366210009276205
0 0.23239200000000007 0.9492700000000001 0.166636695931229 0.9429224063650331 0.1649030000000001 1.0000000000000004 0.23065830406877116 1.0063475936349673
0 0.69826 0.2819510000000002 0.6261589925743725 0.27968399976652353 0.6256050000000001 0.3356810000000002 0.6977060074256277 0.3379480002334768
0 0.6882258655486757 0.16938000565592626 0.6296129999999999 0.16899700000000015 0.6295151344513241 0.216594994344074 0.688128 0.21697800000000014
0 0.9349545386594945 0.10391300308201598 0.8634709999999999 0.10350400000000018 0.8633724613405054 0.1582379969179844 0.934856 0.15864700000000018
0 0.866342 0.2197030000000002 0.7995235765168834 0.21829099105094216 0.799187 0.2689100000000002 0.8660054234831165 0.2703220089490583
0 0.930962 0.5635440000000003 0.8608659811307449 0.5590789414386067 0.8597659811307448 0.6139609414386067 0.929862 0.6184260000000003
0 0.8596420836803318 0.2739580041672005 0.7971909999999999 0.27084800000000014 0.7963989163196679 0.32139799583279977 0.8588499999999999 0.32450800000000013
0 0.46060855185675825 0.12916597621682172 0.4598449953501899 0.07285815710373993 0.39262300000000006 0.0757552 0.3933865565065684 0.1320630191130818
0 0.8600452037135847 0.33369900520472184 0.7919011958815037 0.3319579794554056 0.7914659921679188 0.3860939742506839 0.85961 0.38783500000000015
0 0.394242 0.48326800000000003 0.39332117040084624 0.42818399094691645 0.324111 0.43186099999999994 0.3250318295991537 0.4869450090530834
0 0.3879340000000001 0.423971 0.38769484876701943 0.37207298756970475 0.31968584876701944 0.37306898756970475 0.3199250000000001 0.424967
0 0.6264121190589733 0.6288190059509046 0.5623500000000001 0.6256170000000002 0.5615208809410267 0.6783359940490958 0.625583 0.6815380000000002
0 0.4644209999999999 0.64341 0.46417124572897284 0.5904239963188866 0.39714999999999995 0.5914279999999998 0.39739975427102703 0.6444140036811132
0 0.9329876822740827 0.49767798854126694 0.9327109947159353 0.44532000008874545 0.8622723124418528 0.4465030115474785 0.862549 0.49886099999999994
0 0.9309760000000001 0.5004310000000001 0.8607799908559145 0.49823993103865877 0.8602229908559144 0.5549529310386588 0.930419 0.5571440000000001
0 0.6235170000000001 0.27696400000000004 0.622711197984305 0.22439899035430746 0.550748 0.22790499999999997 0.5515538020156951 0.2804700096456926
0 0.8623452022091274 0.10823800024593477 0.7908129999999999 0.10815100000000016 0.7907917977908725 0.16355399975406562 0.862324 0.1636410000000002
0 0.39444420620468945 0.25879200113262785 0.3261720000000001 0.2584170000000001 0.32607979379531066 0.31176799886737233 0.394352 0.31214300000000006
0 0.22308151004753543 0.3173709892542279 0.222728999860356 0.26419497893476435 0.156372 0.265593 0.15672451018717942 0.31876901031946364
0 0.63070900257929 0.5685480001229503 0.565676 0.5654480000000002 0.56482499742071 0.6221859998770503 0.6298580000000001 0.6252860000000003
0 0.923785577035855 0.3371490091495119 0.8601499999999999 0.3361400000000002 0.8598964229641451 0.3869659908504886 0.9235320000000002 0.38797500000000024
0 0.6965850000000001 0.6243160000000002 0.6290088999998898 0.6229909980392426 0.6286840000000001 0.6756530000000001 0.6962601000001104 0.6769780019607576
1 0.9375860250933516 0.4472825359660953 0.9374909999999999 0.38343353608478525 0.8588429749066481 0.3838055362034752 0.8589379999999999 0.4476545360847852
0 0.225903382575964 0.8928480207592211 0.16368540055923084 0.8894719674733267 0.16277400000000006 0.942853 0.22499198201673323 0.9462290532858945
0 0.22771200000000005 0.7173250000000001 0.16059800000000007 0.7159570000000001 0.160257944349909 0.7689780192489001 0.227371944349909 0.7703460192489001
0 0.6947719999999998 0.447826 0.6940340000128613 0.39286399999945115 0.625257 0.395799 0.6259949999871385 0.45076100000054886
0 0.23103000000000007 0.4318480000000001 0.16278900000000004 0.42906900000000003 0.16210457257199767 0.48248302331703213 0.2303455725719977 0.4852620233170321
0 0.4715550000000001 0.6532170000000003 0.4029480004722388 0.6527227916511943 0.4028190000000001 0.7096370000000001 0.4714259995277614 0.710131208348806
0 0.7051638250472478 0.5597069780177015 0.7047149997766836 0.5061699733622653 0.6362550000000001 0.5079939999999998 0.6367038252705643 0.5615310046554359
0 0.16128020772871243 0.43635001303118276 0.09501370000000005 0.43219300000000005 0.0939314920239467 0.48701999949964836 0.16019799975265908 0.491177012530831
0 0.3943271558387645 0.1998880018261029 0.320935 0.19902800000000007 0.3207358441612355 0.25304299817389725 0.39412800000000003 0.25390300000000005
0 0.401504 0.829476 0.3997550892695351 0.7666229921056587 0.33239299999999994 0.77258 0.33414191073046484 0.8354330078943413
0 0.389911 0.002032340000000086 0.3215510220973047 -0.002231285986453066 0.32043400000000005 0.054687500000000076 0.38879397790269543 0.058951125986453225
0 0.15594932749122895 0.2037690048556487 0.0824334275188954 0.20267899892533678 0.08216510000000002 0.260195 0.15568099997233356 0.261285005930312
0 0.39341964477273833 0.9419120499120636 0.33058462234330466 0.9370479707654746 0.32918997757056634 0.9943059208534113 0.39202500000000007 0.9991700000000002
0 0.9283930000000001 0.09784730000000004 0.9283192173839253 0.04730249899149969 0.860528 0.047616999999999965 0.8606017826160748 0.09816180100850032
0 0.46326100000000003 0.3117510000000001 0.3938056989287975 0.31075899569991183 0.39353900000000014 0.37010400000000016 0.46299430107120265 0.3710960043000885
0 0.6242000000000001 0.166624 0.623290229389251 0.11274598768981861 0.55194 0.116575 0.552849770610749 0.1704530123101814
0 0.620449 0.057271300000000136 0.5558948904160678 0.0571745998358466 0.5558709998585987 0.1078612999997883 0.6204251094425309 0.10795800016394184
0 0.9293389999999999 0.729123 0.9292823443642415 0.672509998904743 0.8579103443642417 0.6727369989047429 0.857967 0.72935
0 0.8612151058677907 0.6832660027949412 0.799246 0.6816300000000001 0.7988108941322093 0.7340089972050591 0.86078 0.7356450000000001
0 0.3884692693716323 0.07195291520388615 0.3212 0.06815610000000007 0.3202447306283677 0.12194518479611399 0.3875140000000001 0.12574200000000008
0 0.8600017420482396 0.16495705951679723 0.7955667440683057 0.15978897947271647 0.7941800000000001 0.21473800000000018 0.858614997979934 0.21990608004408094
0 0.15479632860123466 0.6086720194939244 0.08415000000000003 0.604481 0.08315665242123815 0.6576969971774397 0.15380298102247278 0.661888016671364
0 0.45872507822809394 0.0012179501950718371 0.388891 0.0010438100000000857 0.3888479217405212 0.055946999804850066 0.45868199996861514 0.05612113999992181
0 0.5198469999999998 0.93044 0.5125999844138592 0.8221927671929121 0.481481 0.8288139999999999 0.4887280155861406 0.9370612328070879
0 0.39188411728498984 0.3181380059322175 0.32337800000000005 0.3146730000000001 0.3225128827150103 0.3690319940677827 0.39101900000000006 0.3724970000000002
0 0.7063778679976773 0.5630060226424304 0.629936876417911 0.5610119967762601 0.629463 0.6187460000000001 0.7059039915797665 0.6207400258661705
0 0.6233063213872119 0.2205539897669506 0.6227819999999998 0.168219 0.5570786786127879 0.17031101023304945 0.557603 0.22264600000000004
0 0.22225799999999998 0.06701589999999999 0.21989905312859306 0.009926663023087326 0.14901099876707985 0.01923577016190862 0.15136994563848677 0.07632500713882127
0 0.45744399999999996 0.19810300000000006 0.3928667922228421 0.1952129907013955 0.39209099999999997 0.2503060000000001 0.45666820777715783 0.2531960092986046
0 0.46687076859093474 0.4779909619669452 0.46601899923011414 0.4232859505539657 0.3946820000000001 0.42681600000000003 0.39553376936082063 0.48152101141297954
0 0.6903884865050862 0.056733923534720794 0.629738485719868 0.05379997512165953 0.6289579992147817 0.10507605158693889 0.6896079999999999 0.10801000000000015
0 0.4560699999999999 0.42403100000000005 0.45601784571945636 0.37159599732658716 0.3899018457194564 0.37180499732658717 0.389954 0.42424000000000006
0 0.6935002933995905 0.34030301052876694 0.626509 0.33789900000000006 0.6259227066004096 0.38982298947123334 0.6929140000000001 0.3922270000000002
0 0.648835 0.9202109999999999 0.6481036056704492 0.8640010163067908 0.5846986056704491 0.8666230163067907 0.58543 0.9228329999999998
0 0.6964756179124755 0.6829250320177231 0.6296226024663933 0.6794609794014179 0.628719984553918 0.7348229473836951 0.695573 0.7382870000000002
0 0.8576416094463877 0.05681882611967593 0.7937230000000001 0.05407940000000017 0.7930373905536124 0.10492057388032446 0.856956 0.1076600000000002
0 0.2268028143767619 0.3739659540142442 0.22582799899771933 0.31910094358917473 0.157469 0.32296100000000005 0.1584438153790426 0.3778260104250695
0 0.7765743620199735 0.8638870770226443 0.7257980000000003 0.8530840000000002 0.7222236379800268 0.9064769229773562 0.773 0.9172800000000002
0 0.3983368367473099 0.9417651866674466 0.3973602378081123 0.881902121901581 0.33425599649685733 0.8851739230564163 0.3352325954360549 0.9450369878222818
0 0.1645179218810452 0.49164027855914544 0.09480490443183147 0.4871306645884583 0.09373011371965306 0.5399349864366547 0.1634431311688668 0.5444446004073419
0 0.7541020017937394 0.6759506793097689 0.723799 0.6754120000000001 0.7231489982062607 0.7916213206902313 0.753452 0.7921600000000001
0 0.9271774364301716 0.2773860287171441 0.861478 0.27306300000000017 0.8603935428939402 0.32544196992238106 0.9260929793241118 0.32976499863952496
0 0.462206 0.30526200000000003 0.46131443621239526 0.2531829762666721 0.3934564362123953 0.25687497626667216 0.394348 0.30895400000000006
1 0.47184256706604877 0.757708019984225 0.39925656745667965 0.7551499847565503 0.3985020000000001 0.8231980000000001 0.4710879996093692 0.8257560352276748
1 0.6298027663181984 0.6748180591926203 0.567983768192033 0.6700429820944864 0.5665 0.731092 0.6283189981261654 0.7358670770981338
0 0.1591531751937713 0.3223400066567307 0.08648807532999028 0.31957899526298983 0.08580290000000002 0.376889 0.15846799986378104 0.3796500113937408
0 0.6953005230524962 0.5006589601994991 0.6940029981814513 0.44646592404563207 0.630172 0.451323 0.6314695248710449 0.5055160361538669
0 0.21755800000000003 0.20714400000000008 0.15708198431551107 0.20600299970408098 0.15677100000000002 0.25838800000000006 0.21724701568448898 0.25952900029591913
0 0.537482 0.04490989999999999 0.5369988246447966 -0.0008990122036002235 0.51018 0 0.5106631753552032 0.04580891220360021