1 0.6297755805351325 0.49856302146554415 0.5515410000000001 0.49809400000000004 0.5514064194533269 0.5680029845294527 0.6296409999884592 0.5684720059949969
1 0.4000993383208225 0.7708795894431121 0.399422 0.70235 0.3240356616791774 0.7046704105568878 0.3247129999999999 0.7732
1 0.629760908932362 0.44274633711851596 0.551538 0.44053200000000003 0.550913091067638 0.5092786628814842 0.6291360000000001 0.5114930000000001
1 0.16347538035266954 0.7732538179908153 0.1630379999395605 0.7030549902995555 0.08530961958689096 0.7045631723087401 0.08574699999999999 0.7747619999999998
1 0.2344054128511817 0.48113464494086894 0.159112 0.47817599999999993 0.15831458714881835 0.541372355059131 0.233608 0.544331
1 0.39952853762881807 0.5266630717529258 0.3251250000000001 0.525699 0.3248354623711821 0.5952869282470742 0.399239 0.596251
1 0.23598711322679827 0.5938116134225426 0.15940600000000002 0.58908 0.15808188677320179 0.6558193865774574 0.23466300000000004 0.660551
1 0.6285786396277998 0.45087260489489017 0.6284443210186323 0.3848628384674164 0.5506675038984429 0.3853556976168978 0.5508018225076102 0.45136546404437156
1 0.8624675386988756 0.43630662287721783 0.7847329999999999 0.43337900000000007 0.7839044613011243 0.5018893771227823 0.8616389999999999 0.5048170000000001
1 0.8636729847481726 0.5478820018394247 0.787116 0.5477390000000001 0.7870740146520204 0.6177369981594552 0.863630999400193 0.6178799999988797
1 0.46715757450170364 0.5872191591891711 0.46579297859398816 0.5235620014290165 0.3932794040922845 0.5284028422398455 0.39464400000000005 0.59206
1 0.23576440932789755 0.5369973282164414 0.16362100000000002 0.532904 0.1624075906721025 0.5995036717835587 0.23455100000000006 0.603597
1 0.9334419263000293 0.15018002611877118 0.8555112852312017 0.1496210000000001 0.8553376441623739 0.22500397388122903 0.9332682852312016 0.22556300000000012
1 0.16435976569189384 0.42771885154820277 0.163963 0.363083 0.08690083430810619 0.3645561484517971 0.08729759999999999 0.42919199999999996
1 0.627738299234968 0.32820290156076104 0.552304 0.3246790000000001 0.5513257007650318 0.38989609843923917 0.6267599999999998 0.39342000000000016
1 0.4700995181261486 0.763745863454878 0.46971699416855867 0.6981560001059112 0.39493847604241 0.6995141366510331 0.395321 0.765104
1 0.4006461802628668 0.6448775899990259 0.3277090000000001 0.6422180000000001 0.32688481973713324 0.7126064100009742 0.399822 0.7152660000000002
1 0.23560594726897185 0.8230095411223235 0.15996000000000005 0.820271 0.1591980527310283 0.8858154588776764 0.2348440000000001 0.888554
1 0.16021174333984603 0.3216859951573956 0.16014999999876117 0.2524649986111164 0.08166815665891512 0.2526830034537208 0.08172990000000001 0.321904
1 0.2358183769557442 0.7636481008210989 0.16073400000000004 0.762461 0.16038762304425586 0.8306878991789012 0.23547200000000004 0.831875
1 0.9344000488954848 0.6091593703322402 0.8576790000000002 0.606982 0.8570679419936255 0.6740336294091899 0.93378899088911 0.67621099974143
1 0.16217671743544756 0.5359322507875184 0.08356440000000001 0.529498 0.08159468213524661 0.6044427655469179 0.16020699957069415 0.6108770163344361
1 0.6989375724683354 0.2815370380996037 0.6984454228711136 0.21471227088361847 0.6226132732738917 0.2164515036676333 0.6231054228711136 0.2832762708836185
1 0.16660493559346262 0.8824509938538557 0.08929750000000007 0.8771239999999999 0.08787756379759608 0.9412970336668309 0.16518499939105863 0.9466240275206869
1 0.8593475183861461 0.5000760312646526 0.7883 0.49518700000000004 0.7868724800956041 0.5597900374444116 0.85791999848175 0.5646790687090643
1 0.23664051979797338 0.6511231399168915 0.16142800000000002 0.6473159999999998 0.1602914802020267 0.7172378600831082 0.23550400000000002 0.7210449999999999
1 0.931342956784944 0.38317321601908244 0.8578358390757442 0.3817150549880479 0.8574227213665443 0.4465698939570133 0.9309298390757441 0.44802805498804793
1 0.396060929049395 0.5400668907457394 0.395735 0.475694 0.320764070950605 0.47687610925426055 0.32109 0.541249
1 0.1586318088556125 0.014987694382259494 0.0824310606900467 0.014091830032821717 0.08214301252448086 0.09039222068338394 0.15834376069004671 0.09128808503282172
0 0.3952118525226777 0.5957895007711437 0.3312920000000001 0.593299 0.3306381474773225 0.6455594992288566 0.39455800000000013 0.6480500000000002
1 0.3980754306848572 0.8853538979144137 0.39773 0.8175899999999999 0.32496656931514273 0.8187451020855862 0.325312 0.8865089999999999
0 0.16293977813660374 0.48790813829824176 0.09170960000000003 0.48242499999999994 0.09032982186339632 0.5382448617017583 0.16156000000000004 0.5437280000000001
0 0.9277111362296112 0.22241638565663716 0.865974 0.21836900000000017 0.8649208637703889 0.26839561434336323 0.9266580000000001 0.2724430000000002
0 0.1607980145131175 0.7767724619882355 0.09069640000000008 0.7742840000000001 0.09006338548688265 0.8298175380117646 0.16016500000000009 0.832306
0 0.6225333284469546 0.3311737162719161 0.6220309999999999 0.27974099999999996 0.5575476715530452 0.28170228372808376 0.5580499999999999 0.33313499999999996
0 0.6886992597012118 0.11233946560167873 0.6251299999999999 0.10815400000000013 0.6240437402987878 0.1595325343983215 0.6876129999999999 0.16371800000000009
0 0.1574510000000001 0.9486660000000002 0.09160400000000007 0.9430130000000001 0.09008049610165779 0.998277372639037 0.1559274961016578 1.0039303726390372
0 0.14842573522757319 0.14202430446772266 0.14782898659891114 0.09244765986058977 0.08285714666287272 0.09488313741868792 0.08345389529153477 0.14445978202582083
1 0.4712077064176112 0.8154096131910945 0.46967499999999995 0.7540029999999999 0.3948082935823888 0.7598223868089051 0.396341 0.8212289999999998
0 0.8569977510772004 0.3909491004380142 0.790914 0.38979500000000017 0.7906242489227997 0.4414628995619862 0.8567080000000001 0.4426170000000002
0 0.3996747369845991 0.766943047298267 0.33216800000000013 0.7662690000000002 0.3319772597772318 0.8257589626542897 0.3994839967618308 0.8264330099525566
0 0.863548062613214 0.2185930107100293 0.7949850000000002 0.21823700000000015 0.7948979373867862 0.270452989289971 0.8634610000000001 0.2708090000000002
0 0.8607718941049595 0.673276829354453 0.8603899930596361 0.6182590001500285 0.7926570989546767 0.6197231707955754 0.793039 0.6747409999999999
0 0.14875794129699232 0.6577691046924581 0.08246800000000003 0.6566009999999999 0.08218005868306841 0.7074888988314199 0.14846999998006075 0.708657003523878
0 0.6225060707625708 0.2737539775315644 0.6216000000000002 0.221125 0.5497719292374293 0.22497602246843562 0.550678 0.277605
0 0.22982177111313015 0.48083899211773906 0.22974399857091826 0.42641800000636 0.16098522745778812 0.42672400788862097 0.161063 0.48114500000000004
0 0.16104650620074154 0.8338843742650596 0.09161870000000007 0.829645 0.09050219379925854 0.8865876257349404 0.15993000000000004 0.890827
0 0.2267812265346568 0.7151862782704898 0.16181800000000007 0.713227 0.16132077346534332 0.7645687217295103 0.22628400000000007 0.7665280000000001
0 0.39453441182279697 0.8839727144998676 0.328641 0.8811039999999999 0.3278605881772031 0.9369282855001323 0.39375400000000005 0.9397969999999999
0 0.9328914740530686 0.15604499976978842 0.9328829999999243 0.10170299951437595 0.862869 0.10173699999999998 0.8628774740531443 0.15607900025541244
0 0.6850464767731118 0.21688125012637763 0.6842889992467427 0.168194951584948 0.6242135224736309 0.17110570145857032 0.624971 0.21979199999999993
0 0.6956618947882695 0.6210342899937217 0.6272399999999999 0.6190290000000002 0.6267371052117304 0.6724657100062786 0.695159 0.6744710000000002
0 0.21620041185187283 0.13912940725011333 0.21529599293730214 0.08675519776465479 0.15039857402273146 0.09024518827919627 0.15130299293730212 0.1426193977646548
0 0.7020133232098302 0.5579932161420049 0.701179 0.5038869999999999 0.6328176767901699 0.5071697838579948 0.6336520000000001 0.561276
0 0.923913420368878 0.38468387440608187 0.9235839999999998 0.3322409999999999 0.8575815796311218 0.333532125593918 0.857911 0.38597499999999996
0 0.2228619326866441 0.2624800019082962 0.15541300000000005 0.2623420000000001 0.15537806731335596 0.31551199809170394 0.22282700000000003 0.31565000000000004
0 0.8581530273472884 0.3299021396536476 0.7886040000000001 0.3285200000000001 0.7882529726527118 0.38352786034635267 0.857802 0.38491000000000014
0 0.9287754441528954 0.5603312846813364 0.8596650000000001 0.5561910000000002 0.8586075558471048 0.6111597153186641 0.927718 0.6153000000000003
0 0.38624816889029406 0.37079900015273315 0.318795 0.37073799999999996 0.3187798311097059 0.42297399984726686 0.386233 0.42303500000000005
0 0.8587486790362147 0.26985925906657754 0.794814 0.26814800000000005 0.7943823207337927 0.3183737676930078 0.8583169997700074 0.3200850267595853
0 0.9293379273418678 0.44382228984403077 0.86182 0.4418510000000001 0.8613260632853644 0.4945357098823171 0.9288439906272322 0.4965069997263477
0 0.9279788289087065 0.7258868105037747 0.9275809929610587 0.668162978687924 0.856520164052352 0.669688168184149 0.8569179999999998 0.7274119999999997
0 0.6959019822680845 0.27960841975766826 0.6268380000000001 0.27718900000000013 0.6262110177319157 0.33292558024233204 0.6952750000000001 0.33534500000000017
0 0.15710919218100505 0.604976584041169 0.08395210000000004 0.601966 0.08325689455735913 0.654575419528316 0.15641398673836415 0.657586003569485
0 0.22910700000000003 1 0.22906500000000002 0.937927 0.16185699906352685 0.9380686159595658 0.16189899906352687 1.0001416159595657
0 0.22587738905770288 0.8877569854117049 0.16392600000000002 0.8830959999999998 0.16258961094229718 0.9384120145882948 0.22454100000000002 0.9430729999999999
0 0.6915918076352864 0.33793985698471984 0.6261279999999999 0.3346020000000001 0.6252991923647134 0.38522314301528043 0.690763 0.3885610000000001
0 0.6917703887976762 0.3923112619522418 0.627031 0.39050500000000016 0.6265556024953018 0.44356770990431826 0.691294991292978 0.4453739718565599
0 0.6290366319121057 0.5670384025100002 0.5632729999999999 0.5629630000000001 0.5621533680878943 0.6192275974900001 0.6279170000000001 0.6233030000000002
0 0.46093987710985596 0.36924999687491983 0.460875 0.31254399999999993 0.388181122890144 0.3128030031250801 0.388246 0.369509
0 0.3884832195706462 0.07518262718241135 0.32283700000000004 0.07380495468388054 0.3224517770603602 0.13096868211464696 0.38809799663100636 0.13234635461317779
0 0.6911894355835287 0.5008918458576177 0.6908470000000001 0.44945000000000007 0.6252835644164713 0.4508091541423823 0.625626 0.5022510000000001
0 0.7039712389200365 0.5595223012349044 0.6305089999999999 0.557361 0.6299557610799635 0.6159216987650958 0.7034180000000002 0.6180830000000003
0 0.3901307713021785 0.31681755303025205 0.32360500000000003 0.3141460000000001 0.32293522818024073 0.36608548710712996 0.38946099948241913 0.3687570401373819
0 0.6237446275426776 0.1641174991276661 0.622598 0.11028299999999999 0.5490333724573223 0.11516250087233391 0.5501799999999999 0.168997
0 0.9264339735582765 0.09440199569291674 0.926022 0.044331399999999986 0.8594490264417235 0.046037204307083204 0.859861 0.09610779999999997
0 0.3935886971668808 0.3098229793850207 0.39345799754573035 0.25657000001875846 0.32672930037884956 0.2570800206337378 0.32686 0.310333
0 0.3928099052113209 0.9421135590659812 0.32666 0.9376109999999998 0.32553209330318783 0.9892155088989012 0.39168199851450874 0.9937180679648826
0 0.623513280547704 0.6277366579314233 0.562197 0.6233699999999999 0.5610117194522959 0.6752013420685765 0.622328 0.6795680000000001
0 0.9296116470284416 0.49875450489529016 0.8597809999999999 0.49617100000000014 0.8591103529715585 0.5526224951047101 0.9289410000000001 0.5552060000000001
1 0.4651484236009765 0.535725991616001 0.463714 0.4725059999999998 0.3907295763990234 0.4776630083839988 0.39216399999999996 0.540883
0 0.3936236367945011 0.2508236853062582 0.393107 0.19644199999999995 0.32025636320549894 0.19859731469374173 0.320773 0.25297899999999995
0 0.15225289142530885 0.20191026257606468 0.08164810000000002 0.200036 0.08116520005245964 0.2566867371977056 0.15176999147776846 0.2585609997737703
0 0.860928245458337 0.10674700330259417 0.788898 0.10655600000000018 0.7888517545416629 0.16086699669740623 0.8608819999999999 0.16105800000000023
0 0.39107998332895194 0.4812327190184217 0.3889310000000001 0.42676199999999986 0.3198670166710482 0.43524728098157817 0.32201600000000014 0.489718
0 0.45325446767085026 0.19977155301803495 0.390585 0.19434200000000004 0.38912750457564177 0.24673144457745871 0.451796972246492 0.25216099759549365
0 0.6270813144696541 0.920605151847885 0.6267600063370647 0.8665702686613701 0.5650297041501301 0.867713385364754 0.5653510122827196 0.9217482685512689
0 0.9245453544721336 0.2752830476206629 0.860873 0.2703360000000002 0.8595466455278664 0.32349895237933746 0.923219 0.3284460000000002
0 0.4564849999999999 0.0537532 0.4560431258355321 -0.0013168652543245145 0.38648112583553207 0.00042133474567548413 0.38692299999999996 0.055491399999999996
0 0.469712601527282 0.7046048326988904 0.469308 0.6473550000000001 0.39701139847271805 0.6489461673011097 0.39741600000000005 0.706196
0 0.8586871578518903 0.16345761240096415 0.794328 0.15916200000000016 0.7931598421481098 0.21366638759903614 0.857519 0.21796200000000016
0 0.16040308414298593 0.4281881693917638 0.09368900000000001 0.4244879999999999 0.09263991585701414 0.48339283060823623 0.15935400000000005 0.4870930000000001
0 0.387818 0.0015272100000000926 0.32070649344559576 -0.005266247816284584 0.3188464934455958 0.051955842183715406 0.38595799999999997 0.05874930000000008
0 0.62171028908685 0.21879339936825803 0.6210189999999999 0.16757799999999998 0.5566287109131498 0.17028460063174186 0.5573199999999999 0.22149999999999992
0 0.8584607061786774 0.6798611722789306 0.796635 0.6784790000000002 0.7962462938213225 0.7326258277210697 0.858072 0.7340080000000002
0 0.8565731155231817 0.054878715605710525 0.7923870000000001 0.052876100000000176 0.7918768814721443 0.10379268430054359 0.8560629969953261 0.10579529990625393
0 0.2211685633421889 0.0657671377800417 0.21875799098208004 0.007550772213330448 0.14918842763989115 0.016521734433288755 0.151599 0.07473810000000002
0 0.4543838918735121 0.42024888087897755 0.45405 0.368819 0.39023910812648793 0.3701091191210224 0.390573 0.42153899999999994
0 0.2256547936090331 0.3712126507369124 0.2245919801441441 0.317752001229295 0.156876186535111 0.32194435049238257 0.157939 0.375405
0 0.21671248510328583 0.21038680024919576 0.153402 0.207115 0.15260351489671417 0.2552321997508042 0.215914 0.25850399999999996
0 0.46690629784182924 0.47352921207815024 0.465354 0.4192599999999999 0.39460870215817073 0.4255617879218497 0.396161 0.47983099999999995
0 0.15692748932940132 0.31825464125433994 0.08092120000000004 0.315108 0.08016271050558008 0.3721633711587528 0.15616899983498136 0.37531001241309275
0 0.6942743543028027 0.6792724775931347 0.6300610000000001 0.6769760000000002 0.629435645286662 0.7314305581554235 0.6936489995894646 0.7337270357485579
0 0.6896288911948493 0.05425861746023326 0.6291430000000001 0.050249000000000134 0.6280221088051507 0.10290638253976703 0.688508 0.10691600000000015
0 0.45968909865685237 0.24903707304797623 0.39309600000000006 0.24808300000000003 0.3928489013431477 0.30179392695202395 0.459442 0.30274800000000013
0 0.09500782515459019 0.06092064149121564 0.07622101875452186 0.015131530508799281 0.022141755780838216 0.08422964220402657 0.040928562180906534 0.13001875318644296
0 0.7179159858269897 0.8562455979082996 0.6620344212917977 0.8535397474130308 0.6612078560042919 0.9066999453025 0.7170894205394839 0.9094057957977687
0 0.4630171629176214 0.6380891265220466 0.4617700000000001 0.5859239999999999 0.39563683708237873 0.5908478734779532 0.396884 0.643013
0 0.6192534773934094 0.10529398061204095 0.619126 0.054566799999999985 0.5552335226065905 0.055066819387959036 0.555361 0.105794
1 0.631298962621887 0.6708849911138937 0.5545528891501351 0.6693775702014317 0.5541414018196965 0.734618893872013 0.6308874752914484 0.7361263147844749
0 0.5401989283997053 0.19316301874971067 0.510766 0.19113600000000008 0.5082940716002947 0.30291398125028945 0.537727 0.3049410000000001
0 0.8151305481039564 0.9942714624213368 0.8136785467676201 0.9477055388275231 0.7509151697247508 0.9538002027828497 0.7523671710610871 1.0003661263766634
0 0.7552882198589326 0.8169621404655585 0.7534597331685935 0.6962109999999998 0.7196182464782542 0.6978068595344411 0.7214467331685933 0.8185579999999998
1 0.00020988661921231424 0.0009517823012192622 0.00020942237782295176 0.0009039294341560156 0.0001663821127773042 0.0009052297698912569 0.00016684635416666668 0.0009530826369545033
1 0.00001578366018326652 0.0008568103474358047 5.782411586589357e-20 0.0008557678737233055 -0.0000017275143499330735 0.0009372212217378257 0.000014056145833333388 0.000938263695450325
1 0.0002634224139795285 0.0008201680510187804 0.0002416078125 0.000816480965645311 0.00023491508602047154 0.0009397948087769483 0.00025672968750000005 0.0009434818941504178
0 0.5400347647098621 1.1661804729852787e-16 0.5097412183629361 1.1334461542482922e-16 0.5097412183629361 0.028908122350309828 0.5400347647098621 0.02890812235030983
0 0.45808086476864934 0.08840356425832364 0.39190414055623274 0.08840356425832363 0.39190414055623274 0.13678125675889452 0.45808086476864934 0.13678125675889452