0 0.7088850000000001 0.363243 0.7074129957654156 0.23668263591778374 0.656361 0.23757000000000003 0.6578330042345846 0.3641303640822163
0 0.06571150000000005 0.261148 0.009091099369228903 0.25931495234086493 0.006554899369228886 0.37638895234086495 0.06317530000000005 0.37822199999999995
0 0.2523670077269831 0.22262095943499047 0.251342 0.09534899999999999 0.1975809972016795 0.09599605254141251 0.19860600492866254 0.22326801197640297
0 0.3087416551718824 0.8040907936643622 0.2525366473804639 0.8024771992428775 0.2501336473804639 0.9275641992428778 0.3063386551718824 0.9291777936643624
0 0.1256770011871638 0.24773882202504527 0.07353050000000003 0.247219 0.0726484933566416 0.3794459959463786 0.12479499454380537 0.3799658179714239
0 0.7057210075391959 0.8078705165778627 0.6505210000000002 0.8065840000000001 0.6484249844101964 0.9409829996366569 0.7036249919493921 0.9422695162145195
0 0.7629060027927101 0.9323928918244706 0.7624649996612988 0.7915628918391246 0.7079519968685888 0.7918180000146541 0.708393 0.932648
0 0.8767390000000003 0.24311100000000016 0.8241139953243404 0.24168825845611824 0.8217559953243403 0.3720312584561183 0.8743810000000002 0.3734540000000002
0 0.5376780000163786 0.9368232827712722 0.5376699999584574 0.7987032827712771 0.48317299994207896 0.798708000000005 0.4831810000000001 0.936828
0 0.8218350000000001 0.2372270000000001 0.7663166953469085 0.23648099590635108 0.7651629998791964 0.36479201343546025 0.820681304532288 0.3655380175291093
0 0.5894930000000002 0.23793600000000012 0.5343779891473605 0.23654064061482977 0.5322009891473602 0.36504564061482975 0.5873160000000001 0.3664410000000001
0 0.252531 0.386916 0.2459749966668572 0.2518419313268872 0.19095199999999993 0.2558329999999999 0.19750800333314275 0.39090706867311276
0 0.37135005632958745 0.7337255479146586 0.3551079551209691 0.575739563464248 0.29969589879138164 0.5842530155495894 0.315938 0.742239
0 0.25211800000000006 0.9323850000000001 0.25000699307762975 0.8047535814736889 0.19869099999999998 0.8060220000000002 0.20080200692237032 0.9336534185263113
0 0.12775600042713398 0.7490918409873362 0.12769100000000003 0.6211120000000001 0.07082879957309735 0.621155159468075 0.07089380000023134 0.749135000455411
0 0.48098967725232195 0.7940317098264001 0.42387507471877495 0.793319218429272 0.42270606883788553 0.9333624124554099 0.47982067137143253 0.934074903852538
0 0.646725000164792 0.22174726699354103 0.646639999979628 0.0840312669937118 0.590553999814836 0.08408300000017081 0.590639 0.22179900000000002
0 0.8811110000000001 0.09282770000000014 0.8269100025055324 0.09084059786728584 0.823626 0.22470600000000016 0.8778269974944678 0.22669310213271446
0 0.124258 0.229482 0.12389399918974388 0.0909358916000364 0.06791020131878922 0.09115570195798249 0.06827420212904535 0.2297018103579461
0 0.4741310025096511 0.21423109805730592 0.4707669973959132 0.08279239825289726 0.42054499488626196 0.08471330019559134 0.4239089999999999 0.216152
0 0.534689 0.365677 0.5345059999127063 0.23125693587965554 0.478442 0.231371 0.47862500008729364 0.3657910641203444
0 0.653697 0.7352019999999999 0.6433024804173167 0.5786069523434247 0.5881704804173169 0.5840759523434247 0.598565 0.7406709999999999
0 0.8266530043870525 0.21857318993253635 0.8230399997711426 0.06215219009187044 0.7636279953840901 0.06420300015933403 0.767241 0.22062399999999996
0 0.310297005563986 0.2469407084837289 0.251303 0.24525800000000003 0.24871799443601408 0.3806952915162712 0.30771200000000004 0.38237800000000005
0 0.5904910000000001 0.07608340000000009 0.5357700006587323 0.0747373599794793 0.533473 0.21428900000000006 0.5881939993412678 0.21563504002052086
1 0.3180550042481964 0.7422213627747826 0.31605000000000005 0.571004 0.24852899575180362 0.5721856372252175 0.250534 0.7434030000000001
0 0.604542 0.915629 0.6023365063986421 0.8091189843293987 0.5357995063986419 0.8111779843293986 0.5380049999999998 0.917688
0 0.7621720007888424 0.2283805772854582 0.7088960000000001 0.2282320000000001 0.708662998133875 0.3530899999947959 0.7619389989227173 0.353238577280254
0 0.537288 0.224538 0.5321269942149709 0.06818522474242934 0.4763129999999998 0.07093850000000002 0.4814740057850289 0.22729127525757067
0 0.7067120081276712 0.2240635711195051 0.7045289995915818 0.07066677130104658 0.6462509914639105 0.0719062001815415 0.648434 0.22530299999999995
0 0.7770910020892737 0.7382160419041344 0.76871 0.57012 0.7097119979107263 0.5745159580958658 0.718093 0.7426120000000003
0 0.3650071737722297 0.0976387127681552 0.31196116552464376 0.09763871276815517 0.31196116552464376 0.22412016834739218 0.3650071737722297 0.22412016834739218
0 0.8374710219932786 0.7411573737740407 0.8274289999999999 0.5704939999999998 0.7683209780067213 0.575691626225959 0.778363 0.7463549999999999
0 0.250233 0.7267989999999999 0.2448029975986674 0.5798909350322328 0.19020099999999998 0.5829069999999997 0.1956310024013326 0.7298150649677668
0 0.6542093602439802 0.9437204535520284 0.6499369925260577 0.7915350611298407 0.598455836329416 0.7936949018549958 0.6027282040473385 0.9458802942771835
0 0.891899 0.7470899999999999 0.889449985225896 0.6294502903181632 0.841695 0.6309360000000002 0.844144014774104 0.7485757096818368
0 0.712975 0.740079 0.71126 0.5991699999999999 0.6568399979617344 0.600159832530626 0.6585549979617344 0.7410688325306262
1 0.07615609300000006 0.801058496118911 0.0077212772822597255 0.7987936986175076 0.004327862372987101 0.952030284014914 0.07276267809072745 0.9542950815163175
1 0.07954781408252597 0.7428465962831222 0.07689629788907848 0.5789445952941578 0.003158342155420834 0.5807272978982981 0.005809858348868314 0.7446292988872627
1 0.43108100000000005 0.744812 0.42724500000000004 0.567925 0.36090402210148964 0.5700750191517677 0.36474002210148965 0.7469620191517679
0 0.4847067318464725 0.6087490003487812 0.4280517318466245 0.6087219998722041 0.4280030000000001 0.761534 0.4846579999998481 0.7615610004765772
1 0.31447802911864436 0.2302400889489146 0.310261 0.072536 0.24459997088135554 0.07515991105108535 0.24881699999999995 0.232864
1 0.12964255614200176 0.9599268434931083 0.12911116542135206 0.796146707411209 0.06281794295437217 0.7964681472091558 0.06334933367502185 0.9602482832910553
1 0.8228838904589669 0.942764401275201 0.8228838904589667 0.7903380317309924 0.7587130867598435 0.7903380317309925 0.7587130867598437 0.9427644012752012
1 0.765318348322241 0.22684958210657333 0.7642576090087376 0.05885627284343098 0.6983007635192464 0.059478650988380816 0.6993615028327498 0.2274719602515231
1 0.36977669525147794 0.38785743850733273 0.36862777091335547 0.2207998518312472 0.30552654687520014 0.22144839783453646 0.30667547121332256 0.388505984510622
1 0.48592056931339195 0.3885060514592577 0.4821469069386628 0.21773798176320508 0.4191686148125745 0.21981779830913228 0.4229422771873037 0.39058586800518497
1 0.6539421941776267 0.3888395143886531 0.6529419962304726 0.2176260858574623 0.5856001895208073 0.21821399562564484 0.5866003874679614 0.3894274241568356
1 0.07433213265773558 0.23398827889855506 0.07005066999918487 0.06249543138922697 -0.0004185248428991551 0.06512462904218819 0.003862937815651562 0.23661747655151627
1 0.6012959658092035 0.7306878567558409 0.6007634202364768 0.5672031193659516 0.531884000105232 0.567538429611964 0.5324165456779586 0.7310231670018533
1 0.5450802214230678 0.7313364697077658 0.5450802214230674 0.5678835191513437 0.47552630745890334 0.5678835191513438 0.4755263074589036 0.7313364697077661
1 0.4265486079965782 0.9481561108959391 0.4254879091445988 0.7957297413517302 0.359191518800586 0.7964191863945441 0.3602522176525653 0.948845555938753
1 0.3699199238754647 0.9505353257866495 0.3666847953108934 0.7949052769346516 0.30181200777257233 0.7969205710075384 0.3050471363371436 0.9525506198595363