0 1.0003520191196211 0.0542083991787951 0.982647 0.05364010000000014 0.9813197018828712 0.10368422007426738 0.9990247210024923 0.10425251925306234
0 0.6563020198804166 0.2938950001681197 0.608637 0.29274800000000006 0.6064029801195836 0.40510199983188055 0.6540680000000001 0.4062490000000002
0 0.7672260011940715 0.7555868957180883 0.7209049999999999 0.7549450000000001 0.7196949988059285 0.8606181042819119 0.766016 0.8612600000000001
0 0.878549 0.2873230000000001 0.8289810000000001 0.28654400000000013 0.827558541320262 0.3960830085072726 0.8771265413202618 0.39686200850727266
0 0.31344700000000003 0.290837 0.26127800000000007 0.29067 0.260970104794521 0.40707300033546145 0.31313910479452095 0.4072400003354615
0 0.1412710002343264 0.3079519843289269 0.09540590000000006 0.30712200000000006 0.09388389976567373 0.4089090156710732 0.1397490000000001 0.409739
0 0.9356620108236928 0.29030867791730386 0.888018 0.28837100000000015 0.8841589678054043 0.4032049580207327 0.9318029786290971 0.4051426359380364
0 0.6020850119393589 0.2892093170763575 0.5486140178460118 0.28807797921961237 0.546748 0.39481300000000014 0.6002189940933471 0.39594433785674527
0 0.8239990000000001 0.2873950000000001 0.7739100029653271 0.2871333130926707 0.773466 0.38998500000000014 0.8235549970346732 0.39024668690732955
0 0.4294090138162052 0.27925179013773654 0.42713100000000004 0.14897399999999997 0.37079298618379486 0.1501662098622635 0.373071 0.280444
0 0.720503 0.7453550000000001 0.6680430151296485 0.7425456580854328 0.663158 0.852942 0.7156179848703516 0.8557513419145671
0 0.600936008018045 0.7252994423580573 0.598605 0.596697 0.5455619919819549 0.5978605576419427 0.547893 0.726463
0 0.9413416583259009 0.745027016271688 0.8893516588304446 0.7437419915673918 0.8869800000000001 0.8598670000000002 0.9389699994954563 0.8611520247042964
0 0.126584 0.213712 0.09602687580475208 0.10466791365847496 0.04684889999999999 0.121346 0.0774060241952479 0.23039008634152505
0 0.5518700000000001 0.7538490000000001 0.49742800000000004 0.753685 0.4971437134493159 0.8678970021491808 0.551585713449316 0.8680610021491807
0 0.8888180000000001 0.8681420000000001 0.8878970000000002 0.751459 0.8334489930132088 0.7519791148319684 0.8343699930132088 0.8686621148319685
0 0.7144780000000001 0.2877170000000001 0.6598460012266898 0.2860089525160238 0.656526 0.41452300000000003 0.7111579987733103 0.4162310474839763
0 0.934633 0.14632800000000018 0.8838960040943585 0.14521977314562023 0.8817659999999998 0.26323600000000014 0.9325029959056413 0.2643442268543801
0 0.37721601349752776 0.29608021560242037 0.323616 0.29496399999999995 0.321688982798656 0.40695099964178344 0.3752889962961837 0.40806721524420386
0 0.4888790000876253 0.42455603233670836 0.48858399999999996 0.315691 0.43523099991237457 0.3158659676632916 0.4355259999999999 0.424731
0 0.655836 0.859138 0.6556449994474266 0.7403486563369405 0.6066480000000001 0.740444 0.6068390005525734 0.8592333436630595
0 0.8251520021556784 0.6039206751584436 0.772398 0.6034970000000002 0.7715659978443218 0.728872324841557 0.8243200000000002 0.7292960000000003
0 0.5477050157098623 0.40711165589916865 0.5448599924686379 0.2883296855596729 0.4926519767587757 0.2898430296605043 0.4954970000000001 0.408625
0 0.7674850007029544 0.1400285691264612 0.713004 0.1399210000000001 0.712797998371763 0.2661889980223515 0.7672789990747175 0.2662965671488126
0 0.6635 0.72106 0.6632173952456132 0.6034929988501895 0.6071863952456134 0.6036559988501894 0.6074690000000001 0.721223
0 0.9364310068182561 0.5981244529576185 0.8829670000000001 0.5973180000000001 0.8813549875384895 0.7266529998120304 0.9348189943567455 0.7274594527696486
0 0.49568801025573384 0.7414817787404426 0.44076800000000016 0.7384010000000002 0.4353119537686118 0.8561109974066161 0.4902319640243455 0.8591917761470586
0 0.7137300000000001 0.16023500000000013 0.6586490001434971 0.1594869872120571 0.6573440000000002 0.2757840000000001 0.7124249998565031 0.2765320127879431
0 0.7202300023273891 0.6146068403554396 0.6697949854251818 0.613716999742852 0.6681699830977929 0.7251821593874125 0.7186050000000002 0.726072
0 0.880117 0.275409 0.8737512975240653 0.13479798369899818 0.8181742975240653 0.13784298369899817 0.82454 0.278454
0 0.3714588608922959 0.2750699779228814 0.3688619994568923 0.15251797436946704 0.316608 0.15385799999999997 0.3192048614354036 0.2764100035534143
0 0.23499300000000006 0.5236270000000001 0.20955812255170728 0.47973191405941235 0.12105299999999998 0.541797 0.14648787744829278 0.5856920859405877
0 0.4321900000000001 0.30946 0.37860498216037036 0.3081288691078273 0.37625898216037035 0.42242086910782733 0.42984400000000006 0.4237520000000001
0 0.7728570000000001 0.743511 0.7728020000000001 0.609225 0.7210159998644452 0.6092506690341372 0.7210709998644452 0.7435366690341371
0 0.37735600417656084 0.7324602631073807 0.37552300000000005 0.616988 0.32025599582343917 0.6180497368926193 0.32208899999999996 0.733522
0 0.06402224397477878 0.8992718090261578 0.06049923452699376 0.7923025221626561 0.012310775144759045 0.7942232372894616 0.015833784592544066 0.9011925241529634
0 0.8240580029629148 0.2714682605260714 0.822664 0.14889499999999997 0.7714609970370851 0.1495997394739286 0.772855 0.27217300000000005
0 0.8088128655721034 0.10556353952787585 0.8088092068218731 0.05632825422983532 0.6866998936150375 0.0563392359481598 0.6867035523652677 0.10557452124620031
0 0.43804500000000013 0.744301 0.3820900006434922 0.742182979426073 0.378335 0.8622390000000001 0.4342899993565079 0.8643570205739272
0 0.8843723944968911 0.6127900071036363 0.8304473947647418 0.611818989101635 0.8286800000000001 0.7306040000000001 0.8826049997321493 0.7315750180020014
1 0.6125360000000001 0.8717941266480901 0.6099499963987401 0.7256839231755106 0.5457940000000001 0.7270581266480902 0.5483800036012602 0.8731683301206697
0 0.319059000217195 0.7274070113343487 0.317017 0.620845 0.263418999782805 0.6220879886656513 0.265461 0.72865
1 0.7763149538446837 0.4232539344154876 0.7761538179722423 0.2750856036859154 0.7125039872026336 0.2751693757676005 0.7126651230750752 0.4233377064971726
1 0.8360500894786208 0.8732622198171944 0.8354836703428348 0.7258528728041346 0.7700292904794337 0.72615725329618 0.7705957096152196 0.8735666003092398
0 0.31818551863210504 0.8612138415746308 0.31650254864009897 0.7445192529316844 0.2687128978325039 0.7453533656048106 0.27039586782451 0.862047954247757
1 0.6646492599767918 0.28304802214577396 0.6639580410488108 0.13697930864943172 0.5996790732681012 0.13734743128229165 0.6003702921960821 0.28341614477863386
1 0.608659683024365 0.2830480221457739 0.6072675293375758 0.1382510900818235 0.5429903578461067 0.13899900085092023 0.5443825115328959 0.28379593291487065
1 0.5512876154793528 0.1389902522556557 0.4856208153253235 0.1389902522556557 0.4856208153253235 0.2845695772907881 0.5512876154793528 0.2845695772907881
1 0.49598925745490696 0.14002238991820945 0.431704947893463 0.14002238991820945 0.431704947893463 0.2845695772907881 0.49598925745490696 0.2845695772907881
1 0.32712421100090217 0.289517450486728 0.32637906154287144 0.14242490913322112 0.26486924573630255 0.14280201420425165 0.2656143951943333 0.28989455555775856
1 0.44425092733987886 0.5925372280457023 0.3785828486986682 0.5924672307017725 0.3784548666971759 0.7377743369495201 0.44412294533838653 0.7378443342934499
1 0.49942130336283225 0.7355619870653032 0.4979648007925982 0.5898235704759204 0.4350629290871157 0.5905843625590528 0.4365194316573498 0.7363227791484355
1 0.5554109330518826 0.7348012820459227 0.5547120390539736 0.5901985135616663 0.4918155699311204 0.5905664105022291 0.4925144639290295 0.7351691789864855
1 0.39089829683450683 0.8755445670453408 0.3874162075558092 0.7253134780835679 0.3203929114479878 0.7271935353421028 0.3238750007266855 0.8774246243038757