1 0.4029816356838476 0.7730739956905899 0.4028280000000001 0.703413 0.32656436431615243 0.70393000430941 0.32671799999999995 0.773591
1 0.6364263258891117 0.5007200075176409 0.560233 0.500288 0.5601026722663164 0.5709419924719006 0.636295998155428 0.5713739999895414
1 0.8722479989780983 0.4421450533120533 0.7951780000000002 0.4407750000000002 0.7947870010219019 0.5083829466879471 0.8718570000000002 0.5097530000000002
1 0.23704400000000003 0.82946 0.23704101578559789 0.7644269999977734 0.15905400000000003 0.7644379999999998 0.15905698421440218 0.8294710000022264
1 0.8731235723447172 0.4990470404635509 0.7957540000000001 0.4978300000000002 0.795406427655283 0.5657479595364494 0.8727760000000001 0.5669650000000002
1 0.9473354880122219 0.6099790623764392 0.8688780000000003 0.6085760000000001 0.8684865119877785 0.6758659376235613 0.9469440000000001 0.6772690000000003
1 0.23791071107178005 0.4824644368103963 0.15992700000000004 0.4785539999999997 0.15887928892821998 0.5427775631896036 0.236863 0.546688
1 0.6334257498335799 0.33188409035920213 0.5566900000000001 0.3300350000000002 0.5561832501664202 0.3946759096407982 0.6329189999999999 0.3965250000000001
1 0.4033865124902226 0.645581102794909 0.32462900000000006 0.6437869999999999 0.324115479931159 0.7130779198125341 0.4028729924213816 0.7148720226074432
1 0.16487445694202046 0.4288459987431543 0.164817 0.36463699999999993 0.0881048430579795 0.3648480012568456 0.08816230000000001 0.42905699999999997
1 0.4762889999999999 0.7635029999999999 0.4762489999999999 0.6997229999999998 0.4011079999076388 0.6998678527301305 0.4011479999076388 0.7636478527301306
1 0.4693227988694685 0.590790833698032 0.4686190000000001 0.528365 0.3948862011305316 0.530920166301968 0.39558999999999994 0.593346
1 0.6306340719588015 0.3891051525169842 0.556437 0.38687400000000005 0.5557909280411986 0.452914847483016 0.6299880000000001 0.4551460000000001
1 0.9494768032703274 0.22716899901759838 0.9494470000000002 0.152264 0.870132999602606 0.15236100122348856 0.8701628028729332 0.22726600024108692
1 0.23732177629162413 0.593785142244717 0.15981900000000002 0.591477 0.159191223708376 0.6562708577552832 0.23669400000000007 0.6585790000000001
1 0.40162537909837054 0.476014009695431 0.32524 0.47547699999999987 0.3250946209016295 0.5390399903045688 0.40148000000000006 0.539577
1 0.16383883265603283 0.7769649868378868 0.16366800000000004 0.7038509999999999 0.08360476734396721 0.7044260131621133 0.0837756 0.7775400000000001
1 0.16163137896376237 0.2553251105019451 0.08260890000000001 0.253331 0.0820395210362377 0.32268588949805493 0.16106200000000004 0.3246800000000001
1 0.7062242615465688 0.2850736362176301 0.7057979935841998 0.2186417006726981 0.6298947320376309 0.2201387650012253 0.6303209999999999 0.2865707005461573
1 0.3999229962542849 0.5327861373200244 0.3281629999999999 0.5269550000000001 0.32636400374571506 0.5950058626799757 0.398124 0.6008370000000001
1 0.237539659932309 0.650071038886292 0.16010500000000005 0.6489390000000002 0.15977533531191376 0.7182529610441819 0.2372099952442227 0.7193849999304738
1 0.6370774309973981 0.4452370173064775 0.5586900000000001 0.44428900000000004 0.5584215690026021 0.5125129826935226 0.636809 0.5134610000000001
1 0.23941848530066867 0.5371919954752797 0.16305000000000008 0.5311029999999998 0.1613975146993315 0.5948090045247202 0.2377660000000001 0.600898
1 0.23761617165463914 0.8232390678915138 0.16263300000000006 0.821634 0.16216482834536106 0.8888619321084864 0.23714800000000014 0.8904670000000001
1 0.166252851590452 0.5344292326169588 0.08498070000000006 0.5276840000000002 0.08306184840954814 0.5987497673830415 0.16433400000000006 0.6054950000000002
0 0.16122400000000003 1.0000000000000002 0.1611489793159314 0.9428672478406899 0.08936015978801709 0.9431570001623024 0.08943518047208573 1.0002897523216128
0 0.1627739066328171 0.8342603578624429 0.08898430000000007 0.8304370000000001 0.08804939336718307 0.8858986421375572 0.1618390000000001 0.889722
0 0.5420920000000001 0.15563100000000007 0.5152690002665017 0.155588483201779 0.5152120002665016 0.266122483201779 0.542035 0.26616500000000004
0 0.9397029330915799 0.22546149146557232 0.8777269999999999 0.22162200000000018 0.8767260669084199 0.2712845085344281 0.9387019999999999 0.2751240000000002
0 0.8685102290453424 0.3943541115013056 0.800349 0.3925570000000001 0.7999027709546577 0.44457988849869456 0.8680640000000001 0.4463770000000001
1 0.1654306593930775 0.8816820095452428 0.09092940000000006 0.8717870000000001 0.08798874060692265 0.9398429904547574 0.1624900000000001 0.9497380000000001
0 0.15042634318122158 0.6582003601158274 0.08302620000000002 0.654895 0.08220284025128338 0.7065016783043662 0.14960298343250497 0.7098070384201937
0 0.630056816855566 0.28146402593478953 0.5660950000000001 0.2805510000000001 0.5658541785007861 0.3324079739989247 0.629815995356352 0.3333209999337141
1 0.4717112279448556 0.5385508309804463 0.4710460000000001 0.47530400000000006 0.39572377205514453 0.47773916901955366 0.3963890000000001 0.540986
1 0.4016445154182622 0.8866569189259342 0.40114199267137696 0.8196800232314396 0.32898647725311475 0.8213441043055052 0.329489 0.8883209999999998
0 0.401571691837591 0.6489419899831703 0.4014669999885958 0.5945899940793871 0.3325543081510048 0.5949980040962166 0.3326589999999999 0.64935
0 0.8750562098822529 0.22134401289505784 0.805249 0.22060000000000016 0.8050697866504593 0.2722849870679877 0.8748769965327121 0.27302899996304547
0 0.9926436405899425 0.8005034816841438 0.9925656403281052 0.6937801234269118 0.9642366400662677 0.6938437651696794 0.964314640328105 0.8005671234269115
0 0.4620382324500725 0.0008375563347002929 0.39108 0.0007353850000000831 0.39105376754992754 0.05673522866529989 0.462012 0.05683740000000011
0 0.4732246768617785 0.6526770161424357 0.403624 0.6520069999999999 0.4034453231382215 0.7090589838575643 0.47304599999999997 0.709729
0 0.16211923526904612 0.7775470638732899 0.08953260000000006 0.7761140000000001 0.08917336468023751 0.8320439440228315 0.16175999994928358 0.8334770078961213
0 0.941856585403079 0.5021523453663522 0.8693730000000001 0.49835100000000004 0.8684204145969209 0.5541826546336479 0.9409039999999999 0.5579840000000001
0 0.395968 0.00008414760000008588 0.3241354673499228 -0.0037328406341026786 0.3231574673499229 0.05284071176589731 0.39499 0.056657700000000075
0 0.6979525611232801 0.11344809103141432 0.631289 0.11174400000000013 0.6308554305621894 0.16387890875604522 0.6975189916854696 0.16558299978745944
0 0.8708247379617055 0.6232001622134841 0.8044590000000004 0.6209280000000004 0.803852250904183 0.675401837405318 0.8702179888658881 0.6776739996188018
0 0.6346166484746497 0.5690072923862433 0.567872 0.5660720000000002 0.5670643515253503 0.622521707613757 0.633809 0.625457
0 0.4050911091599445 0.768735000437512 0.33348400000000017 0.7684480000000001 0.3334038908400558 0.8298849995624883 0.4050110000000001 0.8301720000000001
0 0.39656885593394875 0.8858202463800684 0.32846800000000004 0.8829550000000002 0.3276981440660514 0.9391987536199319 0.39579900000000007 0.9420640000000002
0 0.6996291949392727 0.3966790001262951 0.6317140000000001 0.39663500000000007 0.6317028050607274 0.44974899987370504 0.699618 0.4497930000000001
0 0.23166726615720878 0.42985303811447867 0.16317100000000004 0.428701 0.16287973384279125 0.48193196188552134 0.231376 0.483084
0 0.1500607699276766 0.12916880600081818 0.14941699751645185 0.08051481230240058 0.08366562758877526 0.08318900630158235 0.08430940000000003 0.13184299999999996
0 0.392798358314249 0.06675695062984537 0.326096 0.06412770000000005 0.3253496411805225 0.12232878876789605 0.3920519994947715 0.12495803939774136
0 0.39543872375090605 0.48362166259073336 0.394556 0.42955199999999993 0.3254802762490939 0.43301833740926665 0.32636299999999996 0.48708800000000013
0 0.9452433770945656 0.1583859598506359 0.9449450000000003 0.10408499999999996 0.8751976229054348 0.10526304014936408 0.8754960000000002 0.159564
0 0.8717821209574738 0.10958008051070921 0.8049490000000001 0.10785600000000015 0.8045038790425264 0.16089391948929113 0.871337 0.16261800000000015
0 0.7023045618513013 0.28283912784814236 0.629973 0.2808120000000002 0.6294664290334588 0.3363718718963987 0.7017979908847601 0.33839899974454096
0 0.46660750191126643 0.5900050018141372 0.398547 0.589759 0.3984834969128426 0.6437629981816126 0.4665439988241091 0.6440089999957498
0 0.7018900625802257 0.6231980415530256 0.6348280000000002 0.6218470000000001 0.6344809374197745 0.6747999584469747 0.701543 0.6761510000000001
0 0.16368676276659302 0.4885841728441947 0.09611920000000002 0.482375 0.09441043723340703 0.5395308271558054 0.16197800000000004 0.5457400000000001
0 0.22406189211600205 0.2638060330910836 0.156989 0.2626329999999999 0.15668510788399792 0.3160439669089164 0.223758 0.317217
0 0.7102248061789928 0.5621679083484517 0.7098029998113986 0.5083239759248677 0.6377051936324059 0.510060067576416 0.638127 0.563904
0 0.46617417436734104 0.31099300722410395 0.394483 0.31055200000000005 0.39436582563265904 0.36910199277589634 0.4660570000000001 0.3695430000000002
1 0.944985 0.38310800000000017 0.8687649996256349 0.3829615990938985 0.8687239996256348 0.44857359909389855 0.944944 0.44872000000000023
0 0.3923233971209384 0.3710042064930715 0.3253810000000001 0.3684430000000001 0.3247306028790617 0.4206957935069286 0.391673 0.42325700000000005
0 0.6991531935825733 0.34029905644159303 0.6363980000000001 0.3348620000000001 0.6349188039813286 0.3873410299864927 0.6976739975639017 0.39277808642808565
0 0.6306656787650073 0.6296353441173724 0.5649810000000001 0.6262510000000002 0.5641053212349928 0.678491655882628 0.62979 0.6818760000000003
0 0.16090776151156289 0.3170636190036858 0.08570800000000003 0.31229500000000004 0.0844562384884372 0.3729713809963142 0.15965600000000005 0.37774
0 0.1543349005677581 0.20347240698303073 0.0828695 0.199791 0.08191959908721977 0.2564716136044509 0.15338499965497784 0.2601530205874817
0 0.6281609594897257 0.27816174626564283 0.6274119861566908 0.22409000058939985 0.554455026666965 0.22719625432375706 0.5552039999999999 0.281268
0 0.9391559741307635 0.09723572253132097 0.9387230000000002 0.04614170000000001 0.8716080258692368 0.047889877468679044 0.8720410000000001 0.0989839
0 0.9407474735496578 0.4471712130037969 0.8731590000000001 0.44454100000000013 0.8724925264503425 0.4971837869962034 0.9400810000000002 0.4998140000000002
0 0.46033496296580045 0.19858959856588074 0.39450000000000013 0.19419300000000012 0.3933540370341998 0.24693840143411955 0.4591890000000001 0.2513350000000002
0 0.39438227467967246 0.31964558765075596 0.326192 0.315325 0.3251067253203276 0.3679744123492441 0.393297 0.372295
0 0.9404014736323668 0.6769740794218041 0.871513 0.6753990000000002 0.8711205263676332 0.7281619205781961 0.940009 0.7297370000000001
0 0.22797547937832033 0.8890622605081041 0.16302800000000012 0.886451 0.16232752009605822 0.9400037796764882 0.22727499947437843 0.9426150401845923
0 0.22849747722321903 0.715285144942718 0.16133900000000007 0.7131109999999999 0.16078952277678105 0.7652828550572817 0.22794800000000004 0.7674569999999997
0 0.3960790850686685 0.25320699633497035 0.39601899890113473 0.19852700000371165 0.3220029138324662 0.19877700366874124 0.322063 0.25345699999999993
0 0.8702418785698612 0.6858761177515051 0.8085440000000002 0.6840030000000002 0.8080441214301392 0.7346138822484954 0.8697420000000002 0.7364870000000003
0 0.4712341985244048 0.4756175289782188 0.46943396641172297 0.42220700347987483 0.3960537678873181 0.429809474501656 0.39785399999999993 0.48322000000000004
0 0.7121322799795202 0.5649070362832446 0.637101 0.5637130000000001 0.6367987149260186 0.6220999477218365 0.7118299949055388 0.6232939840050808
0 0.6934660598092066 0.2177937160414509 0.6927399992861489 0.1701669531741288 0.6329379394769423 0.1729692371326779 0.6336639999999999 0.22059599999999996
0 0.7015455098476964 0.6819870438672682 0.6340870000000002 0.680808 0.633783490152304 0.734184956132732 0.701242 0.7353640000000002
0 0.3963571098126398 0.31186793042852157 0.395972 0.25895499999999994 0.3288748901873604 0.2604560695714784 0.3292600000000001 0.313369
0 0.8697119091450976 0.165641559202369 0.805386 0.16160400000000016 0.8042340908549025 0.2180144407976313 0.8685600000000001 0.22205200000000017
0 0.2466550322171431 0.2142030750999047 0.18181511246645554 0.21046061798448218 0.18089019271576795 0.2597171608690597 0.2457301124664555 0.2634596179844822
0 0.1549886938158218 0.015636544930454944 0.08347140000000002 0.014443700000000018 0.08316570562350442 0.07078005839601588 0.15468299943932623 0.07197290332647081
0 0.06421000050685595 0.6965631405475049 0.037205353056419345 0.6664717192187852 0.004820387116036031 0.7558050429345083 0.03182503456647263 0.785896464263228
0 0.9335192464423796 0.39042999271194506 0.9334249999888774 0.3408849941529797 0.8660397535464979 0.3412790014410347 0.8661340000000002 0.390824
0 0.4622864610624646 0.12920368399424584 0.46144399682013293 0.07625750015552495 0.39400653575766825 0.07955581616127907 0.3948489999999999 0.13250199999999995
0 0.39257763204893903 0.9399770015997048 0.3352870000000001 0.939832 0.33524036795106116 0.996464998400295 0.3925310000000001 0.9966099999999998
0 0.867767662178344 0.27676107037031383 0.8006150000000002 0.27498600000000023 0.8001963378216564 0.32366992962968655 0.8673490000000001 0.32544500000000015
0 0.16108215552422323 0.4339951836941793 0.0951785 0.431647 0.0945583444757768 0.4851468163058206 0.16046200000000005 0.4874949999999999
0 0.8679054105677052 0.3346871396655799 0.797384 0.3324540000000001 0.7968305894322948 0.3861728603344204 0.867352 0.3884060000000002
0 0.9417624693970162 0.564423412700104 0.8725450000000001 0.5605990000000001 0.8715755126455744 0.6145335863077112 0.9407929820425905 0.618357999007815
0 0.22595533541257387 0.31813503655900455 0.1579840000000001 0.317071 0.15771065949503352 0.3707429633612782 0.2256819949076073 0.37180699992028277
0 0.9365528603409684 0.27803983454872 0.8716180000000001 0.2730500000000002 0.8702601377416495 0.3273652421476356 0.9351949980826176 0.33235507669635544
0 0.695721776636028 0.055346870774895446 0.634903 0.049773800000000125 0.6333051966067891 0.1033708267732358 0.694123973242817 0.10894389754813112
0 0.21653466849681174 0.12936233785972157 0.21535599180264678 0.07645963207708564 0.15185732330583504 0.0808082942173641 0.15303600000000003 0.133711
1 0.874323596106419 0.5541164868714814 0.7980610000000002 0.5472840000000002 0.7960014038935813 0.6179465131285192 0.8722640000000002 0.6247790000000004
0 0.4589912405851025 0.4226597928746531 0.458326 0.37092299999999995 0.39152475941489745 0.37356320712534685 0.3921899999999999 0.42529999999999996
0 0.6299679810178801 0.16749063706677028 0.6290450000000001 0.11291999999999999 0.5540600189821199 0.11681836293322974 0.5549829999999999 0.17138900000000004
0 0.6292213080507086 0.22095552971226276 0.628249 0.16815799999999995 0.5601386919492913 0.1720134702877372 0.561111 0.224811
0 0.8664289682328304 0.057778696885359325 0.799844 0.05334710000000016 0.7987520317671697 0.10377840311464101 0.865337 0.10821000000000017
0 0.4638999053201878 0.2527420627178884 0.3954770000000001 0.25126500000000007 0.3951110946798123 0.30336593728211175 0.4635340000000001 0.3048430000000001
0 0.22272456118276301 0.06678725284999627 0.220286 0.009934309999999991 0.15219143881723698 0.018912057150003683 0.15463 0.07576499999999997
0 0.6984323035694038 0.5036419528411427 0.6980719934770306 0.44954302060561857 0.6326146899076268 0.450883067764476 0.6329750000000001 0.5049820000000002
0 0.6248808153766939 0.057567064718015745 0.558143 0.05359870000000011 0.5571631846233059 0.10424863528198447 0.6239009999999999 0.1082170000000001
0 0.00012224149220032164 0.000860843628926583 0.00009077416856588264 0.000855187934073782 0.0000860466163971234 0.0009360387495916435 0.0001175139400315624 0.0009416944444444447
1 0.4738498848666231 0.8242899519483884 0.47347599467187934 0.7552920167451888 0.3968661098052561 0.7565680647968004 0.39723999999999987 0.825566
1 0.6328959441449998 0.6723273679590696 0.5658950000000003 0.669224 0.5649420558550006 0.7324636320409306 0.6319430000000001 0.7355670000000001
1 0.00027009825646865873 0.0008146433387615433 0.00024702552520900975 0.0008096127936110043 0.00023779418089185032 0.0009397564918864979 0.0002608669121514993 0.0009447870370370371
0 0.23399001145521675 0.9445688086745977 0.1671139928538813 0.9431258894152017 0.16673408328120065 0.9972490131381504 0.23361010188253611 0.9986919323975463
1 0.1647304709432125 0.6610937529462649 0.16395088532797897 0.5931599997240574 0.08059166373276264 0.5961003975696336 0.08137124934799618 0.664034150791841
0 0.07507853568800366 0.9381590202937531 0.04193380888480196 0.9311917219546217 0.03735724738906223 0.9981128998198376 0.07050197419226392 1.0050801981589688
0 0.5335677269709449 0.8866532072653712 0.49843994203687314 0.8755385200070205 0.48750698848904644 0.9817484832361912 0.5226347734231183 0.9928631704945419