0 0.06327430000000012 0.6731440000000001 0.012326295527383875 0.6718272368498119 0.010065795527383844 0.7915332368498117 0.06101380000000008 0.7928499999999999
0 0.9169870000000001 0.43098900000000007 0.9138999903823213 0.3123166302723727 0.8613090000000001 0.31418899999999994 0.864396009617679 0.4328613697276273
0 0.99163 0.81272 0.939649 0.811201 0.9370152928929056 0.9345530085589797 0.9889962928929057 0.9360720085589798
0 0.5667870000000002 0.33855000000000013 0.5088860005824525 0.3382528446701548 0.508379 0.4734610000000001 0.5662799994175477 0.47375815532984533
0 0.7313590128237039 0.3301432839889446 0.678517 0.3288480000000001 0.6763719871762962 0.44861471601105557 0.729214 0.4499100000000001
0 0.6767780381226439 0.3431908228261844 0.623289 0.3408200000000001 0.6196069618773561 0.4545161771738158 0.673096 0.4568870000000001
0 0.911805 0.82094 0.8628759963669489 0.8201693156845036 0.8615749963669489 0.9332163156845037 0.910504 0.9339870000000002
0 0.562934 0.803443 0.5583024725386925 0.6715709772856223 0.5072714725386924 0.6740239772856222 0.511903 0.805896
0 0.28637900071064026 0.3319218863743962 0.23393800000000003 0.3314730000000001 0.23312399928935987 0.461625113625604 0.2855650000000001 0.4620740000000001
0 0.6261150400808471 0.7843453060834827 0.622195 0.656606 0.5687499918547184 0.6588507345760247 0.5726700319355654 0.7865900406595074
0 0.12039000000000005 0.675335 0.05750643828504716 0.6738699985622236 0.055319799881078956 0.8023300069863443 0.11820336159603186 0.8037950084241207
0 0.573422 0.9492060000000001 0.5711612957847866 0.8202349929039058 0.5167652957847865 0.8215399929039058 0.5190259999999999 0.9505110000000001
0 0.05380640067047186 0.18821677788187285 0.00012426200000001877 0.18799500000000002 -0.0002683386704718092 0.3180582221181273 0.053413800000000025 0.31828000000000006
0 0.11385300039239753 0.4625872191736495 0.113633 0.33970599999999995 0.05944469960760248 0.3398387808263505 0.059664699999999994 0.46272
0 0.9813340864522919 0.4489550892013791 0.9708709992099398 0.3171319900461316 0.91551 0.32314600000000004 0.9259730872423522 0.4549690991552476
0 0.7950733930028236 0.8123290040496173 0.7433463930803967 0.8117959937461209 0.74248 0.9268729999999998 0.7942069999224269 0.9274060103034962
0 0.9274940005784684 0.6728259297398461 0.870793 0.6721870000000001 0.8698429994215318 0.7875730702601542 0.9265440000000001 0.7882120000000002
0 0.3495800000000001 0.833079 0.29202499964108175 0.8328141067332667 0.29158999964108173 0.9621721067332668 0.34914500000000015 0.962437
0 0.40551700000000007 0.694173 0.34734800000000005 0.692463 0.3448302189766982 0.8096839770401787 0.40299921897669816 0.8113939770401788
0 0.2287460000000001 0.19944000000000006 0.1680730017289486 0.19886375085101446 0.16722000000000004 0.321785 0.22789299827105153 0.3223612491489856
0 0.412738 0.9468360000000002 0.407643 0.817968 0.35402098328584475 0.8208695772483297 0.35911598328584476 0.9497375772483299
0 0.626067 0.935228 0.6257189998478795 0.8093149449599104 0.5728319999999999 0.8095149999999999 0.5731800001521205 0.9354280550400894
0 0.23386001349796562 0.6937378575639098 0.17493500000000006 0.692785 0.17352198650203451 0.8123791424360903 0.23244700000000007 0.8133320000000002
0 1.0000008233366646 0.4401471527014013 0.999829 0.31990900000000005 0.9800011822831189 0.31994777989817474 0.9801730056197835 0.44018593259957595
0 0.7876592300531299 0.4487701971138767 0.78599527425236 0.3228298122376043 0.7375915233710129 0.32370509359914124 0.7392554791717827 0.4496454784754136
0 0.7433040000000001 0.9456370000000002 0.7430600000000002 0.819044 0.6919679995756547 0.8191787798395952 0.6922119995756546 0.9457717798395954
0 0.738344 0.8034889999999999 0.7348709810338518 0.6661222498405092 0.680866 0.667991 0.6843390189661481 0.8053577501594907
0 0.16461456797394572 0.3175994207930835 0.1609927378246 0.19054503194563102 0.11135316771156145 0.1924817139339575 0.11497499786090717 0.3195361027814099
0 0.057199221252271774 0.46914351501918755 0.05695760000000001 0.338227 -0.00024162125227176034 0.3383714849808125 0 0.46928800000000004
0 0.6796008720446695 0.6639080035658488 0.6235968720568862 0.6636789994768321 0.6231940000000001 0.798524 0.6791979999877834 0.7987530040890167
0 0.6849210000000001 0.814426 0.6255020206216542 0.8122902147950916 0.6221260000000002 0.9408380000000001 0.681544979378346 0.9429737852049085
0 0.511155 0.18674000000000002 0.458301 0.18539900000000004 0.4558630521540731 0.31691100132324174 0.5087170521540731 0.31825200132324166
0 0.9845700000000001 0.24643700000000002 0.9638389280910249 0.12885759215737863 0.9128579999999997 0.1411600000000001 0.9335890719089751 0.25873940784262145
0 0.567783 0.19978000000000007 0.509925003661676 0.1982858059435005 0.507549 0.32420600000000005 0.5654069963383241 0.32570019405649964
0 0.795595 0.7999020000000001 0.789862 0.6597250000000002 0.7369509883090941 0.6626867141468527 0.7426839883090942 0.8028637141468525
0 0.34409800631387316 0.1739817460912134 0.288543 0.17209100000000002 0.28550699368612686 0.29418225390878666 0.34106200000000003 0.29607300000000003
0 0.39158553529375995 0.29764420869066005 0.39073805737550554 0.17835492157304267 0.3444201135229548 0.17880529018326566 0.34526759144120917 0.29809457730088307
1 0.35100599999999993 0.4728750032868896 0.34766699999999995 0.32720600328688965 0.28265199188533663 0.3292456492722488 0.2859909918853366 0.4749146492722488
0 0.9958028250172447 0.7980084434689733 0.9938435510280217 0.6710915842380989 0.9257640000000001 0.6725300000000001 0.9277232739892233 0.7994468592308747
0 0.91204 0.29376900000000006 0.9067019970555097 0.1702199318492264 0.8551900000000001 0.173266 0.8605280029444904 0.29681506815077363
1 0.525623 0.9579810000000001 0.522169974290503 0.8136109250928557 0.4586579761008349 0.8156900007823432 0.4621110018103318 0.9600600756894877
0 0.790486 0.17788600000000007 0.7335019999999999 0.1764870000000001 0.7311250597170866 0.3089960014660994 0.7881090597170868 0.3103950014660994
0 1 0.30801057481211236 0.9992400000000001 0.1764284576244845 0.9830097764852086 0.17655675953300068 0.9837697764852084 0.30813887672062856
1 0.29867072882220547 0.6638332398900072 0.23055902383169158 0.6633411430437725 0.22974496446282539 0.8175534885199938 0.2978566694533393 0.8180455853662286
1 0.3530376990951525 0.8202127142764345 0.3513486107760973 0.6607349471950912 0.2880399618343192 0.6616526607603469 0.28972905015337436 0.8211304278416901
1 0.2350042533569124 0.3295287552814038 0.1710522461048312 0.32835629667262883 0.16914323271285084 0.47087029642710815 0.23309523996493206 0.4720427550358831
1 0.40809400000000007 0.33065700000000015 0.3408950002765412 0.33046486762257415 0.340592 0.47550800000000004 0.4077909997234589 0.47570013237742603
1 0.298694 0.9614379999999999 0.297899 0.818683 0.2358459998140268 0.8191559666055307 0.2366409998140268 0.9619109666055304
1 0.5201726691690955 0.6740354278416901 0.45797466916909546 0.6739534278416901 0.4578393102825901 0.814474428686915 0.5200373102825901 0.814556428686915
1 0.46369001556992284 0.47208838202342823 0.4611990000000001 0.32442145904140374 0.39696198481939937 0.32590455913832667 0.3994530003893222 0.47357148212035116
1 0.5174825844430216 0.3239859180828078 0.45396257018329017 0.3222596362112352 0.4511615701832901 0.4633196362112352 0.5146815844430216 0.46504591808280776
1 0.24771100000000004 0.966317 0.243237 0.810597 0.17505902709025653 0.8132779428910908 0.1795330270902565 0.9689979428910908
1 0.9869427427420353 0.3244060325492696 0.9863989267462543 0.24046439419070467 0.9130991442622234 0.2411143279796977 0.9136429602580043 0.32505596633826256
1 0.739847934822932 0.3340893439871637 0.7392963924598952 0.17270084464819369 0.6753307699643027 0.17300003309309595 0.6758823123273395 0.33438853243206595
1 0.6268781996116942 0.174409146093545 0.5635026542892381 0.174409146093545 0.5635026542892381 0.3326332598326781 0.6268781996116942 0.3326332598326781
1 0.4630676350706612 0.3358610303119761 0.46078651724338177 0.17315167231626713 0.393497296953272 0.1744428100591076 0.3957784147805514 0.3371521680548166
1 0.2923079263215354 0.1687622264897219 0.22501874811141057 0.1687622264897219 0.2250187481114106 0.33861113004064275 0.2923079263215354 0.33861113004064275
1 0.12299041530599675 0.3397697218823303 0.12022052270863366 0.1737804316029082 0.05737079242451471 0.17521584889409111 0.060140685021877804 0.3412051391735132
1 0.1808809492053995 0.4825121318653435 0.17975776269743893 0.3288538846026846 0.11522633838248286 0.32949947810003927 0.11634952489044341 0.4831577253626982
1 0.46717427437318704 0.8156679178884321 0.4649383220189997 0.6579920902238527 0.4007681591937684 0.6592375292217864 0.4030041115479558 0.8169133568863657
1 0.47048357063139257 0.9615631583282664 0.4682683005350176 0.8053458108108227 0.40209126561520925 0.8066301999478926 0.4043065357115842 0.9628475474653364
1 0.1850136880162147 0.8195767504923482 0.18467898497272828 0.6630840827231456 0.12015486810806231 0.6632729599640711 0.12048957115154874 0.8197656277332738