0 0.6564690000000001 0.29254200000000014 0.6092019963927597 0.29155121124522243 0.6072979963927597 0.4030522112452224 0.6545650000000001 0.4040430000000001
0 0.7671700048465808 0.7564877504941251 0.7213000000000002 0.7553940000000001 0.7192159951534195 0.8626802495058753 0.7650860000000002 0.8637740000000003
0 0.3142500055353998 0.28634335849057874 0.261252 0.285782 0.2602319913720769 0.40399299990861237 0.31322999690747677 0.4045543583991911
0 0.9354430000000002 0.28629900000000014 0.8877399973122524 0.2854371826222872 0.8860479973122525 0.40040218262228716 0.9337510000000002 0.4012640000000001
0 0.8218470003171845 0.2840236684922953 0.773598 0.28396700000000014 0.7734959990432069 0.3905739999988763 0.8217449993603915 0.3906306684911715
0 0.6017940013336607 0.2876859465527325 0.549495 0.2860840000000001 0.5468499986663395 0.3920840534472677 0.5991490000000002 0.3936860000000001
0 0.14087300000000003 0.24971900000000002 0.09372389003777375 0.2489717716340213 0.09239489003777374 0.3519107716340213 0.13954400000000003 0.352658
0 0.6014370000000001 0.723621 0.5993829988493962 0.5972769292249749 0.5469649999999999 0.5983230000000002 0.5490190011506039 0.7246670707750253
0 0.934795 0.14407500000000012 0.8849020074308124 0.1429076101524951 0.882674 0.25979700000000006 0.9325669925691876 0.2609643898475051
0 0.7208390000000001 0.746289 0.6686510067299517 0.743361852710161 0.663567 0.8546290000000001 0.7157549932700484 0.8575561472898391
0 0.9422340000000001 0.7460320000000003 0.8900320017886405 0.7441459392299942 0.8865990000000001 0.8607840000000001 0.9388009982113599 0.8626700607700063
0 0.42896717299976544 0.2747849990482766 0.42838299997534623 0.14443499449883646 0.37257700000000005 0.144742 0.37316117302441926 0.27509200454944016
0 0.552292085626948 0.7551250108515084 0.4975670000000001 0.754578 0.49663891429166623 0.8685539991432925 0.5513639999186142 0.8691010099948009
0 0.889244 0.869746 0.888855062041921 0.7529839997463127 0.8343180620419209 0.7532069997463127 0.834707 0.869969
0 0.3738 0.29400300000000007 0.3219199817990517 0.29244374338083173 0.31918798179905167 0.40402674338083167 0.371068 0.405586
0 0.7150320357945273 0.28488468132880446 0.6604200280235171 0.283064967613003 0.6569069922289898 0.41248528628419856 0.711519 0.41430500000000003
0 0.101889 0.129317 0.0446307 0.029292700000000005 -0.0001254911256405964 0.06074271550258363 0.05713280887435939 0.16076701550258363
0 0.6565049999999999 0.8610679999999998 0.6564069999999999 0.7416639999999999 0.6072129996410138 0.7417135626084578 0.6073109996410139 0.8611175626084578
0 0.48629600032136333 0.3120636590306917 0.43386600000000003 0.3120030000000001 0.4337589996786368 0.4255313409693085 0.48618900000000004 0.42559200000000014
0 0.8268070000000001 0.601546 0.7727730000000002 0.601505 0.7726927125599119 0.7313920005406774 0.8267267125599118 0.7314330005406775
0 0.5467565000159413 0.4030959995204902 0.5466659999992508 0.2872529990410116 0.493484 0.287304 0.4935745000166905 0.4031470004794786
0 0.6634989999999998 0.7223309999999998 0.6627039984422394 0.6047597696258441 0.6076189999999999 0.605217 0.6084140015577604 0.7227882303741557
0 0.8805810044869379 0.2737961008911225 0.874332 0.133284 0.8187399955130621 0.13631889910887748 0.8249889999999999 0.27683099999999994
0 0.7699740007108488 0.26129520848103316 0.7695490000000001 0.136649 0.7175139992891514 0.13686679151896694 0.7179390000000001 0.26151300000000005
0 0.7200560000000003 0.6153870000000001 0.6705210000000001 0.614673 0.6692057624731008 0.7266820109903261 0.7187407624731009 0.7273960109903262
0 0.9367829999999998 0.5955080000000001 0.8828470009037327 0.5948029151382206 0.881437 0.727204 0.9353729990962671 0.7279090848617795
0 0.772064 0.7454870000000001 0.7715909999990245 0.6210769997433754 0.7214520000000001 0.621311 0.7219250000009756 0.7457210002566247
0 0.8817120000000003 0.28312900000000013 0.8301630000000001 0.2815720000000001 0.8275007744219721 0.3897680233908517 0.8790497744219723 0.3913250233908518
0 0.3778649407273522 0.732538975871257 0.3754659785808519 0.6177269749003517 0.3209989999999999 0.619124 0.3233979621465002 0.7339360009709055
0 0.4325880067585337 0.30861864017188906 0.37934300000000004 0.30739100000000014 0.377197981225458 0.4215929995671261 0.4304429879839916 0.42282063973901496
0 0.823258000560682 0.1498116329687035 0.771726 0.14971500000000007 0.7715489984752554 0.2655829981219377 0.8230809990359373 0.26567963109064113
0 0.372089 0.272417 0.370099 0.14884 0.31721199098746466 0.14988544033061643 0.31920199098746466 0.27346244033061645
0 0.808326584051712 0.10077439706645894 0.8079267351414064 0.050294874349531664 0.691660506987092 0.05142537046782916 0.6920603558973977 0.10190489318475644
0 0.8843249999999999 0.6132970000000001 0.830402998747932 0.6126801343501426 0.829285998747932 0.7325371343501424 0.8832079999999999 0.733154
0 0.715087 0.1573890000000001 0.6591499881788102 0.15629974518787734 0.6573229881788102 0.27147074518787734 0.71326 0.2725600000000001
0 0.43194384967780824 0.8679490820240542 0.42960674093197465 0.7453915659889421 0.38217117164067377 0.7465019620246972 0.38450828038650736 0.8690594780598093
0 0.4937773760219147 0.7544296360215678 0.4417189453059134 0.7541456449805924 0.44120901338742524 0.8688905589581816 0.49326744410342654 0.8691745499991568
0 0.13944700000000007 0.619329 0.0955193451045478 0.6017788614161519 0.05947930000000004 0.712512 0.1034069548954523 0.7300621385838482
0 0.3172040043434853 0.7269402787108402 0.315521 0.6189459999999999 0.2634189956565147 0.6199427212891595 0.265102 0.7279369999999998
0 0.3289520005352228 0.860950080559095 0.328123 0.7361730000000001 0.2671929994647772 0.7366699194409049 0.268022 0.861447
1 0.6132180747746361 0.8735764500306474 0.6106400680815119 0.72282805865165 0.5457310613883878 0.7241906672726527 0.5483090680815119 0.8749390586516501
1 0.32597799652883225 0.14061711097143534 0.2634275743158693 0.14061711097143534 0.2634275743158693 0.28418955737230134 0.32597799652883225 0.28418955737230134
1 0.5003773971182711 0.13552988922030645 0.43046055478349515 0.1343472747526772 0.4284513131978924 0.2801634127831889 0.49836815553266833 0.2813460272508181
1 0.5564721805450394 0.2785011824376732 0.5544194868692237 0.1352948011429725 0.4878382961655041 0.1364663169327052 0.4898909898413199 0.2796726982274059
1 0.6094424810809717 0.28022947197481746 0.6079110285588121 0.13423809592426011 0.5445785070877127 0.13505362214601985 0.5461099596098724 0.28104499819657713
1 0.6640060522760562 0.13496129217771521 0.6006824694736717 0.13468843084492485 0.6001725375551835 0.27995661064202715 0.6634961203575681 0.28022947197481757
1 0.7782325527564181 0.4170189847907382 0.7776654090916854 0.268958031059932 0.7123964526787074 0.269264929037567 0.7129635963434401 0.4173258827683732
1 0.389182979152467 0.8775280431895989 0.38806024573685566 0.7270805067380952 0.32271790707727843 0.7276790851605243 0.3238406404928898 0.8781266216120278
1 0.4426414139163204 0.5915237483575564 0.37889993852243864 0.5912458422937026 0.3783890195540267 0.7350961947584225 0.4421304949479084 0.7353741008222763
1 0.5007761308334517 0.5888064190648186 0.43556079846189605 0.5885286486720176 0.43504928315608965 0.735948920483919 0.5002646155276453 0.7362266908767199
1 0.5561400394430092 0.584996911705304 0.49038841800470434 0.584996911705304 0.49038841800470434 0.7342579981648901 0.5561400394430092 0.7342579981648901
1 0.8386466407750177 0.8721780070991085 0.8367673807379264 0.7230712519632806 0.7713346159964838 0.7240835762250524 0.773213876033575 0.8731903313608803