1 0.479289 0.5811899999999999 0.478515156383003 0.5171369941591588 0.40338700000000005 0.5199429999999998 0.404160843616997 0.5839960058408408
1 0.7144709999999999 0.409976 0.7129950013371125 0.3442829999071232 0.635138 0.34969099999999986 0.6366139986628875 0.41538400009287674
1 0.887422 0.918145 0.8033435122565445 0.9177559977433789 0.8032229985034471 0.998282999993076 0.8873014862469026 0.9986720022496973
1 0.9858874183218675 0.9970379999554265 0.9858849999999962 0.9268729998934471 0.9108040000000001 0.926881 0.9108064183218713 0.9970460000619793
1 0.650112 0.926068 0.565816 0.925209 0.5655722523511469 0.9991569923812474 0.649868252351147 1.0000159923812475
1 0.9770113985627027 0.6395779712185591 0.9753959983160558 0.5704209279085215 0.904286 0.575556 0.9059014002466469 0.6447130433100376
1 0.48116200000000003 0.7577170000000001 0.48090600000000006 0.688893 0.4047369995975388 0.6897688918008211 0.4049929995975388 0.7585928918008211
1 0.8805271754662716 0.7516699885404892 0.8790230000000001 0.680467 0.7999218245337285 0.6856330114595107 0.801426 0.7568359999999998
1 0.8817679999999998 0.5192430000000001 0.880495786498731 0.4512919544766691 0.802732786498731 0.45579295447666907 0.804005 0.5237440000000001
1 0.9790279999999998 0.691162 0.97800054497869 0.6293289720041296 0.9061690000000001 0.633019 0.90719645502131 0.6948520279958705
1 0.6414740208471451 0.29860299825251696 0.63964 0.23096200000000003 0.5578849729474433 0.23781500226764324 0.5597189937945884 0.30545600052016014
1 0.718778 0.6922120000000002 0.7182854160351034 0.6250899905611857 0.63877 0.6268940000000001 0.6392625839648965 0.6940160094388145
1 0.6467246359249247 0.6877330312797876 0.5705666367069199 0.6839869821303903 0.5694430000000001 0.7546090000000001 0.645600999218005 0.7583550491493973
0 0.23891500000000007 0.9430819999999998 0.17547900000000008 0.9427689999999996 0.17538765858830338 0.9999999983154384 0.23882365858830334 1.0003129983154384
0 0.16768 0.465984 0.16593712463256266 0.4173079862039423 0.09936612463256267 0.42467698620394234 0.10110899999999998 0.47335299999999997
1 0.169242 0.4208080000000001 0.1674970421609376 0.3490670118687294 0.0961227421609376 0.35443401186872936 0.09786770000000002 0.4261750000000001
0 0.876984 0.6833030000000001 0.8751083616724988 0.6401609513888415 0.8117479567766976 0.6486770058094955 0.8136235951041989 0.6918190544206542
0 0.880317 0.39788499999999993 0.8789820748140014 0.3487099937213317 0.812922 0.3542539999999999 0.8142569251859987 0.4034290062786681
0 0.238703 0.7561979999999999 0.238405 0.710397 0.17476299440146886 0.7116771395358201 0.17506099440146888 0.7574781395358201
0 0.8772910000000003 0.7559930000000001 0.8101446293177099 0.7552999961742647 0.809981 0.8043140000000002 0.8771273706822904 0.8050070038257356
0 0.8821260000000001 0.8792770000000001 0.8200578436892207 0.8750629893875489 0.8189830000000001 0.9240060000000002 0.8810511563107795 0.9282200106124513
0 0.641066 0.800786 0.6410155611499452 0.7508729982469167 0.575715998989468 0.751077000003157 0.5757664378395227 0.8009900017562404
0 0.7099870000000003 0.515525 0.7090129970801855 0.4647568478099083 0.636175 0.46907699999999997 0.6371490029198148 0.5198451521900918
0 0.6424960125740468 0.6371821869321219 0.5757490000000001 0.6339910000000001 0.5749699845464853 0.6843639992611648 0.6417169971205319 0.6875551861932867
0 0.4058276015039863 0.690237951102735 0.40465699999999993 0.64572 0.34061539849601363 0.650926048897265 0.341786 0.695444
0 0.9724985170198659 0.5104999368502697 0.9704689951975187 0.45913087844479666 0.899051 0.467854 0.9010805218223472 0.5192230584054731
1 0.9836040000000001 0.9416489999999998 0.9832455570955614 0.8657179918697729 0.9132165570955613 0.866739991869773 0.913575 0.942671
0 0.158876 0.354855 0.15782305764681012 0.304469009196745 0.09388075764681016 0.3086000091967451 0.09493370000000001 0.358986
0 0.23696400000000006 0.765149 0.17550500000000005 0.764811 0.1754178021397389 0.8138280044114489 0.2368768021397389 0.8141660044114487
0 0.711896 0.178304 0.7109079999999999 0.123634 0.6402189892885582 0.12758340729299214 0.6412069892885582 0.18225340729299214
0 0.644544479223629 0.8772240190866949 0.577657 0.8745600000000002 0.5769645207763712 0.9283109809133056 0.6438520000000001 0.9309750000000002
0 0.4655716974866296 0.4000159276894324 0.4639670000000001 0.352164 0.40137530251337056 0.35865307231056764 0.40298000000000006 0.40650500000000006
0 0.17118363256424982 0.7603439784547749 0.17065 0.711908 0.10676198936196543 0.7140840344224703 0.10729562192621524 0.7625200128772452
0 0.17121246491208628 0.8148909837390367 0.170653999604445 0.7655289650374087 0.10681000000000002 0.7677620000000002 0.1073684653076413 0.8171240187016281
0 0.6396592828190885 0.22858696444095342 0.637465 0.17463299999999998 0.5637357171809115 0.18390303555904663 0.56593 0.2378570000000001
0 0.47859727504813143 0.9298819834421184 0.477598 0.8785649999999997 0.4085777249518685 0.8827200165578813 0.40957699999999997 0.934037
0 0.707271 0.29687300000000016 0.637934 0.2950390000000001 0.6375033082419833 0.3453779817026379 0.7068403082419834 0.34721198170263795
0 0.16595099999999996 0.583503 0.1649551445210881 0.5330209911862025 0.09782524452108814 0.5371149911862025 0.0988211 0.587597
0 0.8796449999999998 0.27371199999999996 0.8767342250130766 0.2227209602904766 0.807246 0.23498399999999997 0.8101567749869232 0.2859750397095233
1 0.7179870329331651 0.5759379990715054 0.7174179999999999 0.5135409999999998 0.6402719670668346 0.5157160009284943 0.6408409999999999 0.578113
0 0.4736799999999999 0.515883 0.4716601702157683 0.4628129799720057 0.398765 0.47139 0.40078482978423163 0.5244600200279943
0 0.47567556326419425 0.8112159296847923 0.473633994984452 0.7606568757909001 0.40612 0.769085 0.4081615682797422 0.8196440538938922
0 0.40548074606193524 0.5806279864730751 0.40517999999999993 0.529348 0.3327622539380646 0.530661013526925 0.3330629999999999 0.581941
0 0.6415559999999999 0.40792199999999995 0.6403273296721439 0.35260097736400586 0.5659919999999999 0.35770499999999994 0.5672206703278558 0.4130260226359941
0 0.23812700000000003 0.9405840000000001 0.23776900913863214 0.8873329998100684 0.178539 0.8885640000000001 0.1788969908613679 0.9418150001899318
0 0.23082623609054562 0.40605997649937864 0.22918999999999998 0.35524199999999995 0.15929876390945433 0.36219902350062133 0.16093499999999997 0.413017
0 0.41066900000000006 0.9436310000000001 0.34448800000000007 0.940945 0.3437888253713847 0.9942030334982479 0.4099698253713847 0.996889033498248
0 0.22903399999999996 0.35399600000000003 0.22822154654956672 0.3028619731533442 0.16627099999999995 0.30590500000000004 0.1670834534504332 0.35703902684665595
0 0.2423170562908952 0.4707399972643664 0.241427 0.41412 0.1631729437091048 0.41792300273563354 0.164063 0.474543
0 0.719733 0.6900830000000001 0.6416774469508556 0.688630989712032 0.6413319939834834 0.7460419998880793 0.7193875470326277 0.7474940101760474
0 0.1716152236428388 0.9461340010534381 0.09709840000000006 0.9457829999999997 0.09701717635572595 0.999091999888627 0.1715339999985647 0.9994430009420654
0 0.473563 0.29602799999999996 0.47203175497211847 0.24292293270050724 0.40135775497211856 0.2492229327005073 0.4028890000000001 0.302328
0 0.9727540188363704 0.5710529982861852 0.971182 0.5176379999999998 0.9035329811636298 0.5237930017138147 0.9051050000000002 0.577208
0 0.6417209999999999 0.518809 0.6406767022702754 0.46341795906816224 0.5665067022702754 0.4677409590681623 0.5675509999999999 0.523132
0 0.6401883505766048 0.34505898797542517 0.6395849889095436 0.29067600038039637 0.5683006383329388 0.29312101240497124 0.5689040000000001 0.34750400000000004
0 0.9753059999999999 0.799008 0.9733681767943746 0.7461029799802863 0.9029229999999999 0.7540799999999996 0.9048608232056252 0.8069850200197135
0 0.7090909999999999 0.23208400000000004 0.7078380623735266 0.1805879953083202 0.639943 0.185695 0.6411959376264733 0.23719100469167984
0 0.405126 0.405878 0.4046113128775983 0.3521720203576159 0.3331233128775982 0.35429002035761586 0.33363799999999993 0.407996
0 0.976174 0.341674 0.9732645313660655 0.2870769124592691 0.8983555313660654 0.29941791245926913 0.9012649999999999 0.354015
0 0.9721987191650403 0.45178190699717213 0.9699639946195326 0.39835887137524223 0.8965640000000001 0.40785100000000013 0.8987987245455078 0.46127403562193003
0 0.7156620181002664 0.8700060001910761 0.646321 0.8692740000000002 0.6461339818997336 0.9240429998089243 0.715475 0.9247750000000001
0 0.881661 0.335561 0.8796672884325797 0.2848959649110441 0.8077169608366445 0.29364900476437583 0.8097106724040647 0.34431403985333175
0 0.16997900000000002 0.23687700000000003 0.10178789084263888 0.235523997834173 0.10142600000000002 0.2919110000000001 0.16961710915736114 0.29326400216582704
0 0.637518 0.16907400000000003 0.6368234102190362 0.11747598292804186 0.57096 0.12021699999999998 0.5716545897809638 0.17181501707195815
0 0.23758899999999997 0.129764 0.23482249461179153 0.07591382144370584 0.16777298471250235 0.08656290242802377 0.1705394901007108 0.14041308098431793
0 0.716442 0.9365750000000003 0.6485490000000003 0.9329850000000001 0.6476412400018559 0.9860580126906553 0.7155342400018557 0.9896480126906555
0 0.9758330893650369 0.7393439943089577 0.9747830000000001 0.6883670000000001 0.9080619106349632 0.6926160056910424 0.9091119999999999 0.7435930000000001
0 0.637589 0.4646180000000001 0.6367141351876028 0.41199299305203213 0.569976 0.415423 0.5708508648123972 0.4680480069479679
0 0.4014895660586904 0.1793890166592671 0.3268380000000001 0.17719200000000004 0.32623343394130977 0.2406989833407331 0.4008850000000001 0.24289600000000017
0 0.0846105 0.769064 0.08252299779856098 0.652166876722578 0.04846710009848961 0.654047005515277 0.05055460229992864 0.7709441287926989
0 0.23703 0.532966 0.23684658260433047 0.4784029939453633 0.1661215826043305 0.47913799394536327 0.166305 0.533701
0 0.4731421938569182 0.6444770066999802 0.4048 0.642115 0.40423380614308174 0.6927609933000201 0.472576 0.6951230000000002
0 0.6397015113394823 0.5731509491000577 0.6380079968051238 0.5205549007756588 0.567645 0.5275589999999999 0.5693385145343586 0.5801550483243988
0 0.161744 0.06428360000000004 0.09522668953815176 0.06065019210822192 0.09425768953815176 0.1154925921082219 0.160775 0.11912600000000001
0 0.4690025582710631 0.45922694652396423 0.4674059999999999 0.407699 0.40547744172893685 0.41363105347603574 0.407074 0.465159
0 0.40667500000000006 0.891995 0.3396899195371158 0.8894819969813655 0.3390870000000001 0.9391660000000001 0.40607208046288434 0.9416790030186346
0 0.886903 0.5716020000000002 0.8858933216392624 0.5158989819762345 0.8114960000000001 0.520068 0.8125056783607376 0.5757710180237657
0 0.471521 0.16708200000000006 0.46792610461867207 0.11941097560992565 0.404503 0.13419699999999998 0.40809789538132796 0.18186802439007438
0 0.40975359759673624 0.41027600030178535 0.3325245977601682 0.4102369997968698 0.33251500000000006 0.4689930000000001 0.4097439998365681 0.4690320005049157
0 0.723295 0.804293 0.7217112404483785 0.7484559789156114 0.6443 0.755244 0.6458837595516214 0.8110810210843885
0 0.4725367365509661 0.5804270368314799 0.40696299999999996 0.5771480000000001 0.40607926344903383 0.6317839631685205 0.471653 0.6350630000000003
0 0.7084511786436483 0.2908059966770928 0.708126 0.23676 0.6376448213563518 0.23807100332290723 0.63797 0.292117
0 0.48351200000000005 0.9904010000000002 0.4827838641775384 0.9363339640205137 0.4156998641775384 0.9391269640205139 0.4164280000000001 0.9931940000000002
0 0.23578199999999994 0.585205 0.23556578765348865 0.5330559899041759 0.1696407876534887 0.5339009899041759 0.16985699999999998 0.58605
1 0.9765912219179144 0.23847899725609725 0.9763259999505509 0.17216498763611726 0.9008670000000001 0.173098 0.9011322219673635 0.23941200961998
0 0.40822900000000006 0.7517340000000002 0.40650812507248224 0.6946409883453222 0.335637 0.7012449999999998 0.33735787492751784 0.758338011654678
0 0.9730250495900856 0.39782299579539293 0.971579 0.34509699999999993 0.9013089504099143 0.35105500420460695 0.9027549999999999 0.40378099999999995
0 0.8813707040422325 0.22071289318039006 0.8785709926088746 0.1636658493981072 0.804613 0.17488699999999996 0.8074127114333579 0.2319340437822828
0 0.16809402641788673 0.9382549999013092 0.16803199999999996 0.8869249999999997 0.10111097358211321 0.8871750000986904 0.101173 0.9385049999999999
0 0.8841649999999999 0.16039700000000004 0.8825939986086354 0.10622995202671069 0.8074119999999999 0.11297100000000002 0.8089830013913644 0.16713804797328938
0 0.4702454059697424 0.35023896851247976 0.4689589980578929 0.2989639225893833 0.404712 0.30394699999999997 0.40599840791184955 0.3552220459230964
0 0.57101 0.5397080000000001 0.5541643106714165 0.48917667981455254 0.48441531067141635 0.5610616798145526 0.501261 0.6115930000000002
0 0.238761 0.697178 0.23806371613517888 0.6432839713558378 0.16903500000000002 0.646045 0.16973228386482112 0.6999390286441622
0 0.708754 0.46188499999999993 0.7076182494725597 0.4079199837682417 0.6405920000000002 0.412281 0.6417277505274405 0.46624601623175826
0 0.4043571090894979 0.35099599653128705 0.403853 0.301983 0.3430599900450814 0.30391603211348295 0.3435640991345793 0.35292902864477
0 0.16869699999999999 0.698414 0.1681740971705924 0.6481069968775208 0.107335 0.650062 0.10785790282940759 0.7003690031224792
0 0.40714900000000004 0.8167200000000001 0.40691900000000003 0.761964 0.3403809960025899 0.7628280483383004 0.3406109960025899 0.8175840483383006
0 0.16830100000000003 0.15843500000000005 0.09512701302245406 0.15115699134906602 0.09300639904308514 0.21707102974333167 0.1661803860206311 0.22434903839426568
0 0.9669701473733799 0.28492397484108073 0.963936 0.22997799999999993 0.89473885262662 0.24179102515891918 0.8977729999999999 0.2967369999999999
0 0.4017620197568324 0.3001159991656949 0.40101300000000006 0.245281 0.3329549802431677 0.24815500083430506 0.333704 0.30299
1 0.24159343170307815 0.24722299468969897 0.24127900000000005 0.168198 0.16697456829692187 0.16911200531030102 0.167289 0.248137
0 0.169928 0.526347 0.16896228457379955 0.47429498367780076 0.105482 0.4779359999999999 0.10644771542620049 0.529988016322199
0 0.406658335031801 0.6370799441952414 0.403723 0.5825989999999998 0.32460066496819895 0.5957780558047584 0.32753599999999994 0.650259
0 0.48840715595403955 0.22581696338558976 0.483506 0.16127899999999998 0.39319884404596045 0.18248103661441023 0.3981 0.24701900000000004
1 0.23932950091102997 0.30417698446815084 0.238681999689102 0.23961896900243862 0.168278 0.24180199999999996 0.16892550122192798 0.3063600154657122
1 0.8780580000000001 0.4627470000000001 0.8776441583579996 0.39767999688623723 0.8034430000000001 0.3991390000000001 0.8038568416420007 0.4642060031137629
1 0.408343 0.5346589999999999 0.40812249495749714 0.4644059951972091 0.33113949495749706 0.4651529951972092 0.33136 0.5354059999999999
1 0.884956 0.641142 0.8844074088864746 0.568950990394045 0.8046810000000001 0.570824 0.8052295911135254 0.643015009605955
0 0.4061842859120365 0.11272201337452302 0.3225122866193505 0.10880796662915637 0.32150599999999996 0.17531200000000002 0.40517799929268594 0.17922604674536669
1 0.00034493904031296217 0.0009010307004146377 0.0002945243073706222 0.0009000431985294119 0.00029428886807023557 0.0009372027655915794 0.0003447036010125756 0.0009381902674768053