1 0.20607537078368632 0.7167549535639421 0.20556739687936929 0.6527402065719574 0.12962463247384146 0.6546168961296326 0.13013260637815852 0.7186316431216174
1 0.20823327244253573 0.8314891655437148 0.20772304544627274 0.7674662964934398 0.13178041818519387 0.7693510674704966 0.1322906451814569 0.8333739365207716
1 0.1347468350544827 0.8339244706042848 0.13423875486527256 0.7699005898655583 0.058296562776309145 0.7717773901571329 0.05880464296551929 0.8358012708958593
1 0.13349729889660406 0.890505419679668 0.13298925050214164 0.8264815410567862 0.057046457580258475 0.8283582388113608 0.05755450597472089 0.8923821174342427
1 0.13535139546050334 0.9464968021164284 0.13484342740333632 0.8824830475394156 0.058900655124450384 0.8843597447838606 0.0594086231816174 0.9483734993608735
1 0.21027553665482218 0.930634 0.1330515366548222 0.930634 0.1330515366548222 1 0.21027553665482218 1
1 0.13632631205939144 0.998754996513418 0.1358165909656178 0.9347350275429794 0.05987456941309797 0.9366180000000001 0.0603842905068716 1.0006379689704388
1 0.4458428920637069 0.998621 0.44532289206370695 0.9281339999999997 0.36937920406015873 0.9298787397959737 0.3698992040601587 1.000365739795974
1 0.3731297425213366 0.9401741448859507 0.37261922720453744 0.8761502792206523 0.29667653665482213 0.878036087465589 0.29718705197162126 0.9420599531308875
1 0.4465696835766203 0.8249168154035131 0.44606198417101867 0.7609030404763297 0.37011920389654623 0.7627787447838609 0.3706269033021478 0.8267925197110442
1 0.37346353174118907 0.8279323220723347 0.3729529894484526 0.7639084815447698 0.2970102997155656 0.7657943901571328 0.29752084200830203 0.8298182306846977
1 0.4462361340404867 0.7678759982660832 0.4457280887327973 0.7038522530386111 0.36978639553458487 0.7057289161247245 0.3702944408422742 0.7697526613521967
1 0.3726814980034231 0.6569480459197298 0.3721709906674227 0.5929243291375854 0.29622929971556566 0.5948100874655889 0.296739807051566 0.6588338042477334
1 0.44641800710330043 0.4221797456986791 0.4461570071033004 0.35223474569867913 0.37360132836499244 0.35307788611650265 0.3738623283649924 0.4230228861165026
1 0.4454937678266287 0.30177731896772175 0.4446765477228237 0.23776152038118017 0.3731537771415038 0.24060493944153852 0.37397099724530874 0.3046207380280801
1 0.5976354876622897 0.27399641105474387 0.5253444876622897 0.27399641105474387 0.5253444876622897 0.3477094110547438 0.5976354876622897 0.3477094110547438
1 0.5988216123143565 0.3707400564050702 0.5268562772533534 0.3703036212091475 0.5266932409462571 0.45402426927502043 0.5986585760072601 0.4544607044709431
1 0.6050903946106371 0.5951741218013294 0.6045824197260353 0.5311592512740985 0.5286406551244505 0.5330359161247246 0.5291486300090523 0.5970507866519555
1 0.8430961201245244 0.9130220192191011 0.8425883563053973 0.8489992706715841 0.7666456551244502 0.8508749480648163 0.7671534189435772 0.9148976966123333
1 0.850249853070845 0.40328694919254343 0.8497396272610789 0.3392642290229431 0.7737969999999998 0.3411489999999999 0.7743072258097659 0.40517172016960024
1 0.2016432181903886 0.3054341763178827 0.20073780052845006 0.238295898054506 0.1249077144621975 0.2414805720221235 0.12581313212413606 0.3086188502855003
0 0.27426580148177127 0.8179535853400262 0.2733730094242122 0.6965808625206436 0.23774882963143143 0.6973969162688975 0.23864162168899045 0.81876963908828
0 0.18092869243772686 0.30758444588945405 0.11056098868874328 0.3019406820678632 0.10918971443621035 0.35518503289745357 0.1795574181851939 0.36082879671904444
0 0.18948602657579508 0.36699164276175167 0.1217133206410021 0.3589629680599085 0.11977861470620911 0.4098222933580653 0.1875513206410021 0.4178509680599085
0 0.19212422309681018 0.4760587967190443 0.19102016508803696 0.42037004919913606 0.12701016508803697 0.42432204919913596 0.12811422309681023 0.48001079671904423
0 0.1997211196337657 0.5373520314464661 0.13194741818519393 0.5293232388113608 0.13001271673662212 0.5801824461762556 0.19778641818519388 0.5882112388113608
0 0.12391777472392475 0.7146519926280572 0.054431794519515 0.7110595934380886 0.05348015813508336 0.7683825132320612 0.12296613833949309 0.77197491242203
0 0.19947219707563937 0.7214318549141657 0.1299957343427117 0.7181914843649312 0.12922095545226622 0.7699242228888542 0.1986974181851939 0.7731645934380886
0 0.19717016336128826 0.8818369843519223 0.19674296518209175 0.8292514023164661 0.1300259878827262 0.8309392907465446 0.1304531860619227 0.8835248727820008
0 0.18985315911486678 0.9407658159964211 0.18936985845136928 0.8914092520836095 0.12759490150787633 0.8932930295252772 0.1280782021713738 0.9426495934380889
0 0.35544196695728986 0.2972355934380885 0.3550653778454743 0.24072670996770462 0.2769737675590399 0.24234740043568342 0.27735035667085545 0.2988562839060673
0 0.35891084848766164 0.35520442209722436 0.35853236567682173 0.29869552340055383 0.2804376778552861 0.30032442735206283 0.2808161606661261 0.35683332604873336
0 0.3580098484876615 0.4204263901571328 0.3576334600157927 0.36390840637906 0.27953664525973915 0.3655280804909496 0.2799130337316079 0.42204606426902236
0 0.4480430071033003 0.35219694236337884 0.44766665961348656 0.29568806086418503 0.3695738043009767 0.2973077373655401 0.36995015179079044 0.3538166188647339
0 0.36150477359407857 0.4676947967190442 0.36111380432812334 0.41353714623463056 0.2915924518439454 0.41510009838679585 0.29198342110990066 0.46925774887120947
0 0.43724408542691806 0.4686805015127205 0.43646528256763095 0.4193625388093807 0.3710492825676309 0.4225795388093807 0.37182808542691803 0.47189750151272053
0 0.367010664245178 0.5347751238849194 0.36658137879234615 0.4790441951690853 0.29938484848766156 0.4806561074606808 0.29981413394049344 0.536387036176515
0 0.36403113080452665 0.5963137826341185 0.36360287523062806 0.5405829082385084 0.29640629971556565 0.5421909561149089 0.2968345552894642 0.597921830510519
0 0.43916230883629326 0.5931474185263707 0.4387330233834615 0.5374164898105366 0.371536493078777 0.5390284021021321 0.3719657785316088 0.5947593308179662
0 0.4352811384874643 0.6509734197734414 0.4348528060841887 0.5952325472163972 0.3676562997155656 0.5968405934380886 0.3680846321188413 0.6525814659951328
0 0.3639849983932168 0.7045365394589426 0.36336943911063024 0.6527968961296325 0.2979430053747932 0.6552209617343924 0.29855856465737973 0.7069606050637023
0 0.4324115366548221 0.707311390157133 0.43177600950342615 0.6531602142428773 0.36568784557176554 0.6555756448805693 0.36632337272316146 0.7097268207948249
0 0.44467694430668103 0.5235315934380887 0.44213720122918615 0.46735259658315276 0.3690122012291862 0.47764759658315264 0.3715519443066811 0.5338265934380886
0 0.3638014181851938 0.7614647647789525 0.36369024194110977 0.7117351013894451 0.2999967275663348 0.7121785429126888 0.30010790381041885 0.7619082063021962
0 0.3693491054785085 0.875795064958935 0.3687335366548222 0.8240554220972247 0.3033081027792097 0.8264794882509932 0.3039236716028961 0.8782191311127034
0 0.4369483493738961 0.872587718143457 0.4363325349296497 0.8208490874655889 0.37090710917868897 0.8232741679963788 0.3715229236229354 0.8750127986742469
0 0.43067641818519387 0.9300575934380885 0.43056516511340714 0.8789525274297935 0.3723850314758943 0.8793469551584073 0.372496284547681 0.9304520211667022
0 0.36818665019572844 0.9932995221842194 0.36791655758025854 0.9415570674704968 0.3021413515259334 0.9426263009927314 0.3024114441414033 0.994368755706454
0 0.5947389967861934 0.24020625243723542 0.5944781023151117 0.18717087630192597 0.533393709932548 0.18810665713840558 0.5336546044036298 0.24114203327371506
0 0.6637020066441851 0.2563764990679573 0.6634212717931521 0.2032304056242265 0.6042314356165822 0.2042040868319147 0.6045121704676153 0.25735018027564543
0 0.6712030482260845 0.35427987274168277 0.6710172400765939 0.30270334929885767 0.6068629826878792 0.3034231012356066 0.6070487908373697 0.3549996246784317
0 0.6638798816233958 0.4507884437051533 0.6629221108251236 0.39784568432143624 0.606551944306681 0.4010214540373159 0.6075097151049532 0.45396421342103305
0 0.5984073210517132 0.5292055219519374 0.5977917526686424 0.47746591612472467 0.5323653192336452 0.47989001931299075 0.5329808876167161 0.5316296251402034
0 0.6682460178998088 0.5213833384117424 0.6676302038965464 0.46964474478386053 0.6022037785865699 0.47206986236463633 0.6028195925898322 0.5238084559925182
0 0.6666780444626315 0.5813501501694414 0.6658428694130981 0.5302684420923165 0.6053146600986129 0.5333503140641925 0.6061498351481462 0.5844320221413174
0 0.5971522532519365 0.5957310957143185 0.5324686011563039 0.594333390157133 0.532122949060671 0.6441486845999475 0.5968066011563037 0.645546390157133
0 0.6719226447095045 0.6377160854216263 0.6713070854269179 0.5859764420923164 0.6058806516910809 0.5884005076970764 0.6064962109736675 0.6401401510263862
0 0.6746307953708416 0.6942229136131628 0.6740152265471552 0.6424832707514526 0.6085887931121581 0.6449073739397185 0.6092043619358445 0.6966470168014288
0 0.6039054181851942 0.6525218961296327 0.5395967620761416 0.6484580963633784 0.5386974181851939 0.6927788961296326 0.6030060742942465 0.696842695895887
0 0.5896103232745594 0.8016704026219127 0.5866238812576323 0.7586093114026343 0.5224160812481732 0.7724769179824231 0.5254025232651002 0.8155380092017015
0 0.6720009861452829 0.8131753759298062 0.6713851812459375 0.7614367447838605 0.6059587556346206 0.7638618247654213 0.6065745605339661 0.8156004559113669
0 0.669667653809989 0.8728281473301177 0.6690520854269181 0.821088541502905 0.6036256519919211 0.8235126446911709 0.604241220374992 0.8752522505183836
0 0.6004533223661745 0.81680262537818 0.5369113223661746 0.8167106253781801 0.5368894430151308 0.8637706506386332 0.6004314430151307 0.8638626506386332
0 0.6007765567064124 0.9862995909265265 0.600160987882726 0.9345599480648161 0.5347345544477291 0.9369840512530823 0.5353501232714155 0.9887236941147926
0 0.5996309774677805 0.927238428103355 0.599015418185194 0.875498784774045 0.5335889844493569 0.8779228503788048 0.5342045437319435 0.9296624937081148
0 0.6729903510990686 0.9882845787426843 0.672374536654822 0.9365459480648166 0.6069481113448456 0.9389710656455924 0.6075639257890921 0.9907096963234601
0 0.6662253506580844 0.9297827530237468 0.6656095366548221 0.8780441593958648 0.6001831113448457 0.8804692769766406 0.600798925348108 0.9322078706045227
0 0.8422118436713965 0.29475386686821675 0.7649322038965464 0.291924390157133 0.7643343778555625 0.34277292700923095 0.8416140176304125 0.3456024037203147
0 0.9078931196170553 0.2932269557274211 0.8413536551244504 0.2917569480648164 0.8409911906318452 0.3428509404022117 0.9075306551244502 0.3443209480648164
0 0.9066022632652146 0.3986837827000108 0.9063404925634891 0.34774728633231566 0.8435149669572899 0.34875276477895273 0.8437767376590153 0.3996892611466478
0 0.9032538503872991 0.4527544509513412 0.9029918176678958 0.4018179572877662 0.8401662997155656 0.40282444209231655 0.8404283324349688 0.45376093575589155
0 0.83842064104462 0.455513096986855 0.8381586245161139 0.404575604487857 0.7753281063523546 0.40558208746558894 0.7755901228808607 0.4565195799645869
0 0.8361028496673927 0.5126556909233047 0.8358410833108592 0.46171921077496164 0.7730155575802584 0.46272467285358454 0.7732773239367919 0.5136611530019275
0 0.9028895184823456 0.5114834041118806 0.9024148843191161 0.4605388902718315 0.8429944930787767 0.462262908074632 0.8434691272420062 0.5132074219146812
0 0.8394368694130981 0.566085 0.8388138702796414 0.5124414204196558 0.773655869413098 0.514798 0.7742788685465548 0.5684415795803441
0 0.9048161405747959 0.5675146634429924 0.9045543742182623 0.5165781832946493 0.8417288484876616 0.5175836453732723 0.841990614844195 0.5685201255216153
0 0.8408110430306038 0.6237468147887644 0.8405492766740703 0.5728103346404214 0.7777237509434695 0.5738157967190443 0.777985517300003 0.6247522768673873
0 0.9054304733330715 0.6220364921021284 0.905168706976538 0.5711000119537852 0.8423431812459371 0.5721054740324081 0.8426049476024706 0.6230419541807513
0 0.9048786666962828 0.6757494721070361 0.9046169003397494 0.6248129919586929 0.8417913746091483 0.625818454037316 0.8420531409656818 0.676754934185659
0 0.8380456359011603 0.6771841090142476 0.8377836245161138 0.6262476164328564 0.7749531063523544 0.6272540994105884 0.7752151177374009 0.6781905919919796
0 0.8360479395078577 0.7311727222291173 0.8357835310478516 0.6802361084045904 0.7729530314587715 0.6812517967190442 0.7732174399187777 0.7321884105435712
0 0.905946378036467 0.7293246149867472 0.9056843666514207 0.678388122405356 0.8428538484876614 0.6793946053830879 0.8431158598727078 0.7303310979644791
0 0.9068944958072261 0.7858063095594691 0.9066327506811348 0.7348698144914849 0.8438012248219826 0.7358752907465445 0.8440629699480741 0.7868117858145286
0 0.837170559479896 0.7919081482597973 0.8369085267604928 0.740971654596222 0.7740830088081627 0.7419781394007724 0.774345041527566 0.7929146330643476
0 0.8382042726571418 0.9675061955038221 0.8379398426675775 0.916569580593523 0.7751143432916111 0.9175852707514525 0.7753787732811754 0.9685218856617515
0 0.8310453031428843 0.8502721090142475 0.8307832917578377 0.7993356164328564 0.7679527735940785 0.8003420994105884 0.7682147849791251 0.8512785919919795
0 0.9101567716211324 0.9693895602571648 0.9098926295031718 0.9184529598694042 0.8470621272777908 0.9194676253781802 0.8473262693957514 0.970404225765941
0 0.9047176141946288 0.9062557995305496 0.9044558691507631 0.8553193204639848 0.8416243432916111 0.8563247967190444 0.8418860883354766 0.9072612757856092
0 0.9154579669572898 0.8481714540373161 0.9150471860834912 0.7972287683690331 0.8481979669572899 0.7989074540373161 0.8486087478310884 0.8498501397055991
0 0.9930990277959246 0.999501144582271 0.991164606756732 0.8811034332740358 0.9563362386236359 0.8828755221226342 0.9582706596628284 1.0012732334308694
0 0.7848018015089717 0.4061188073815766 0.7840829501019904 0.3446222852381924 0.7215356859223283 0.34689917265335357 0.7222545373293097 0.40839569479673776
1 0.20401177613092084 0.5489802481111571 0.2038747735940786 0.48361671284376895 0.12792896017585165 0.48411243870974585 0.12806596271269385 0.5494759739771339
1 0.2058083022524079 0.6606336027378846 0.20567129971556566 0.5952700674704967 0.12972648628365743 0.5957657868092003 0.1298634888204997 0.6611293220765884
0 0.9956783050438034 0.5464022860857823 0.942803342842591 0.4906187398403991 0.9280749434971204 0.5340941980689486 0.9809499056983327 0.5898777443143319