0 0.028420249457629936 0.13807613933340485 0.027693600000000006 0.07905580000000001 -0.0007266494576299329 0.07947166066659515 -2.0408511482080083e-19 0.138492
0 0.46400400779104684 0.4247347771944857 0.4629149978870858 0.3161007892266262 0.4137949900960389 0.3166860120321404 0.414884 0.4253199999999999
0 0.879545 0.879718 0.8706726127337424 0.7695049413759335 0.8226356127337422 0.7741009413759335 0.8315079999999999 0.884314
0 0.10894600231082398 0.326489683888952 0.06121580000000003 0.326075 0.0604027976891761 0.4372903161110479 0.10813300000000005 0.43770499999999996
0 0.6973590632448426 0.3123490205278915 0.6462880000000001 0.3113630000000001 0.6445929364416201 0.4157079987728891 0.6956639996864626 0.4166940193007805
0 0.6474320005063462 0.8684480242962754 0.645185 0.7606290000000001 0.596858999493654 0.7618259757037248 0.599106 0.869645
0 0.925056017777845 0.4311753098369428 0.918588 0.3184489999999999 0.869100982222155 0.3218236901630571 0.875569 0.43455
0 0.6987980041204158 0.7679567829992058 0.646918 0.7667860000000001 0.6447939958795843 0.8786462170007946 0.6966740000000002 0.8798170000000002
0 0.0613499 0.904074 0.060257326422220515 0.7884929997031548 0.007296346422220514 0.7890879997031548 0.00838892 0.904669
0 0.11633100000000007 0.7767290000000001 0.06344790635706742 0.7757905742345171 0.06167790007946502 0.8943369946778237 0.11456099372239768 0.8952754204433065
0 0.7533690032677139 0.7710248510784046 0.7006109999999999 0.7696489999999999 0.698145996732286 0.8819881489215955 0.750904 0.883364
0 0.4186794868539647 0.7725220135952031 0.36721848750964553 0.771084985688911 0.36451600000000006 0.886105 0.4159769993443193 0.8875420279062921
0 0.5939390000000001 0.8736619999999999 0.5876739889121867 0.763629805265078 0.5388610000000001 0.7669329999999999 0.5451260110878137 0.8769651947349218
0 0.28850600000000004 0.32934200000000013 0.23833999839768463 0.32900027956530414 0.23769899839768466 0.4408392795653041 0.28786500000000004 0.4411810000000001
0 0.2346550000153458 0.32538398190032086 0.18505300000000002 0.32533400000000007 0.18496599998465427 0.4279470180996793 0.23456800000000008 0.42799700000000007
0 0.286162 0.30834300000000003 0.28375399779072163 0.20120390170270927 0.235944 0.202481 0.23835200220927835 0.3096200982972907
0 0.3521864676621478 0.3017289790445109 0.3479519983134416 0.189415955266539 0.29534999999999995 0.19177299999999997 0.29958446934870614 0.3040860237779719
0 0.2369190043463878 0.19475156077902295 0.18585500000000002 0.19415100000000005 0.18478599010547733 0.3021789998836311 0.23584999445186508 0.30277956066265405
0 0.5367210004722023 0.8867781770758217 0.536405 0.768278 0.48250599952779777 0.7684488229241783 0.48282200000000003 0.886949
0 0.7608490000000001 0.1892460000000001 0.7099750008589973 0.1875709689928786 0.706796 0.3023230000000002 0.7576699991410029 0.30399803100712164
0 0.10860700000000004 0.18138200000000002 0.05862630518719467 0.18051364515857618 0.05690230010156476 0.29844799305224257 0.10688299491437012 0.2993163478936664
0 0.05399580000000005 0.334508 0.0028202828294667426 0.33322539162202913 0.0008048700147909642 0.4287969992986086 0.05198038718532427 0.43007960767657955
0 0.46468676869177006 0.0767353718974121 0.44789780480302455 0.029987356483957058 0.345793 0.073569 0.3625819638887456 0.12031701541345503
0 0.23729101286315685 0.8907234106756191 0.23369900000000002 0.7760430000000001 0.1831269871368432 0.7779255893243812 0.18671900000000002 0.8926060000000001
0 0.35351900000000014 0.3235310000000001 0.2999310039728355 0.3228816103636641 0.29873299999999997 0.44037600000000005 0.35232099602716466 0.44102538963633614
0 0.5246870000000001 0.3147130000000001 0.46702599903495473 0.31421313230355635 0.4661899990349547 0.4288251323035564 0.523851 0.42932500000000007
0 0.35392400000000007 0.759924 0.3498831375336786 0.6486689940630926 0.3008641375336786 0.6507849940630926 0.30490500000000004 0.76204
0 0.3624942498854774 0.77377711508693 0.3051422265546012 0.77198 0.30195220322372507 0.89297388491307 0.35930422655460126 0.894771
0 0.5250640430797809 0.18569300778559808 0.47026700000000005 0.18528400000000006 0.46954595687334505 0.3000949996781006 0.5243429999531259 0.30050400746369865
0 0.05886530326117196 0.6554686437628718 0.005129950000000073 0.654884 0.0041156467388282015 0.7656823562371283 0.05785100000000009 0.7662670000000001
0 0.46391600286292445 0.17867219588530092 0.4118780000000001 0.17845200000000008 0.4114489964397104 0.2989469999849349 0.46348699930263476 0.29916719587023577
0 0.581415 0.30013800000000007 0.577176137179916 0.17405295456278844 0.5216649986585168 0.1762709600975556 0.5259038614786008 0.30235600553476727
0 0.11022120567875537 0.6308040015891148 0.05806070569382265 0.6304009992713718 0.0572215000000001 0.7594930000000001 0.10938199998493282 0.759896002317743
0 0.700301 0.655981 0.6457370000000001 0.654477 0.6433585072825393 0.7570320139827164 0.697922507282539 0.7585360139827164
0 0.36157700000000004 0.936544 0.24486882575703586 0.9363505961418905 0.2447903263279969 0.9926494233418895 0.3614985005709611 0.9928428271999992
0 0.641315 0.425253 0.6393396504060177 0.30205698760551253 0.5870216504060176 0.30305398760551255 0.5889969999999999 0.42625
0 0.695616 0.28330800000000006 0.6921369847441161 0.16373047563873264 0.6382730000000001 0.16559300000000005 0.641752015255884 0.28517052436126744
0 0.5876620000000001 0.31803200000000004 0.5305580037571701 0.3163728463128852 0.5275889999999999 0.43782000000000004 0.58469299624283 0.4394791536871149
0 0.6466710000000001 0.6204590000000001 0.5910010000000001 0.6191660000000001 0.5884840600186017 0.7479590013940014 0.6441540600186015 0.7492520013940014
0 0.5908130070722685 0.6363855634502528 0.530225 0.635219 0.5283789929277315 0.7491674365497472 0.588967 0.750334
0 0.4719130010764766 0.7550594683360158 0.4716309987779777 0.6323704683422948 0.4172589977015011 0.6325190000062788 0.417541 0.7552079999999999
0 0.41943200703195643 0.7593470620912102 0.402528 0.610087 0.34844199296804357 0.6173669379087899 0.365346 0.7666270000000001
0 0.8387939047475819 0.30327940101854733 0.8372547343557573 0.15903835478846912 0.7746527664121006 0.1598322853695055 0.7761919368039252 0.3040733315995837
0 0.7539602538222625 0.6262720039754005 0.694644254028618 0.6253429883164897 0.692904 0.7573990000000002 0.7522199997936445 0.7583280156589111
0 0.05594186348818798 0.3063117927534995 0.0450033 0.169726 -0.010640079488187983 0.17502220724650042 0.00029848399999999757 0.311608
0 0.30081702184750647 0.7592562884017334 0.29507000000000005 0.6387238301933396 0.2426319781524936 0.6416953719849456 0.24837900000000002 0.7622278301933395
0 0.8214860038168261 0.6289466902735091 0.7578039999999999 0.628014 0.7565239961831738 0.731883309726491 0.820206 0.7328160000000001
1 0.6454509999999999 0.29483599999999993 0.6426989986769764 0.16213793620545805 0.576768 0.163763 0.5795200013230233 0.29646106379454196
0 0.936536 0.1797370000000001 0.883968005499006 0.1788905940957193 0.8826929999999998 0.27300400000000014 0.935260994500994 0.273850405904281
0 0.8302779355776555 0.9233474679983735 0.817590724217768 0.747154 0.7670299176945728 0.7514810017644157 0.7797171290544603 0.9276744697627892
1 0.3120390348051428 0.7645538558020817 0.24416400000000008 0.7620999999999999 0.2402549651948574 0.8906071441979182 0.3081300000000001 0.8930610000000001
0 0.23076 0.737561 0.22752859888169658 0.6209109802828653 0.17908259888169661 0.6225059802828653 0.18231400000000003 0.739156
1 0.7603144745575425 0.44982618316097034 0.7583465503043832 0.29814974274713857 0.6912462487986812 0.2991844355540033 0.6932141730518405 0.4508608759678351
1 0.8274245854888376 0.3070731432938253 0.7495664982564093 0.3062161534906073 0.7482564655979187 0.44766744144373105 0.826114552830347 0.448524431246949
1 0.5360672389210379 0.6104975689863046 0.46642202336130617 0.6104975689863046 0.46642202336130617 0.7657105685681536 0.5360672389210379 0.7657105685681536
1 0.47864118946418077 0.9064605946196013 0.4773507363549784 0.7565618239889813 0.4115484975692097 0.7572350820085706 0.4128389506784121 0.9071338526391904
0 0.8882370229594243 0.6034107218691147 0.8302344398219657 0.6025827344791911 0.8282801261439836 0.7652928645959073 0.8862827092814423 0.7661208519858309