1 0.40298100000000003 0.773074 0.4028303025819205 0.7034129843904009 0.32656599782207024 0.7039299932355924 0.3267166952401498 0.7735910088451915
1 0.6364250000000001 0.50072 0.5602318352189476 0.5002879933958235 0.560104 0.5709420000000001 0.6362971647810526 0.5713740066041766
1 0.872245 0.4421450000000002 0.7951735218094581 0.4407749203923724 0.7947900000000001 0.5083830000000003 0.8718614781905419 0.5097530796076281
1 0.237044 0.82946 0.23704107285921083 0.7644269999897232 0.159054 0.7644379999999998 0.15905692714078917 0.8294710000102766
1 0.8731210000000001 0.4990470000000002 0.7957509254097715 0.49782995163601657 0.7954099999210458 0.565748015728979 0.8727800745112745 0.5669650640929625
1 0.9473320000000001 0.6099790000000003 0.8688740015007224 0.6085759284944748 0.8684900000000001 0.6758660000000002 0.9469479984992778 0.6772690715055256
1 0.23790200000000009 0.48246399999999995 0.15991568948246096 0.4785534328422753 0.15888800000000006 0.542778 0.23687431051753918 0.5466885671577246
1 0.633422 0.3318840000000002 0.5566850597661314 0.3300348809558931 0.5561879998147409 0.3946760240923926 0.6329249400486097 0.39652514313649967
1 0.40338200000000013 0.6455810000000001 0.3246227005353428 0.6437868564976623 0.3241190000000001 0.7130780000000001 0.4028782994646574 0.7148721435023379
1 0.164874 0.42884599999999995 0.16481764192921775 0.36463699823433615 0.08810539999975857 0.3648479997249447 0.08816175807054084 0.42905700149060855
1 0.4762890000000001 0.7635029999999999 0.47624999597721807 0.6997229980913121 0.4011079993884607 0.6998670000011719 0.4011470034112427 0.7636470019098598
1 0.46931800000000007 0.5907909999999998 0.46862765624850466 0.5283647000228552 0.39489198856261576 0.5309199657419504 0.3955823323141111 0.5933462657190952
1 0.6306290000000001 0.3891050000000001 0.5564297192859406 0.38687378106435927 0.5557960000000002 0.4529150000000001 0.6299952807140596 0.45514621893564094
1 0.9494762332779323 0.22716899971470053 0.9494470000000003 0.15226399999999998 0.8701329996102063 0.15236100122347923 0.8701622328881383 0.22726600093817975
1 0.23731700000000006 0.593785 0.1598117733593223 0.5914767847804242 0.15919600000000006 0.656271 0.2367012266406778 0.6585792152195759
1 0.4016240000000001 0.476014 0.3252385964985916 0.47547699013300887 0.3250959977566121 0.5390399999842285 0.40148140125802056 0.5395770098512196
1 0.16383700000000004 0.7769650000000001 0.16366943449409743 0.7038509896974808 0.08360609771642907 0.7044260036073945 0.08377366322233167 0.7775400139099137
1 0.16162700000000002 0.255325 0.08260239170557819 0.25333083576498194 0.08204390000000003 0.32268600000000003 0.16106850829442182 0.3246801642350181
1 0.706221 0.277705 0.7058028834737827 0.21127290368168306 0.6298979999999998 0.21277 0.6303161165262171 0.27920209631831694
1 0.3999090000000001 0.532785 0.3281416387124496 0.5269532642055806 0.326376976226713 0.5950069168093239 0.39814433751426354 0.6008386526037433
1 0.2375370000000001 0.6500709999999998 0.16010136022423904 0.6489389467891032 0.15977800000000006 0.718253 0.2372136397757611 0.7193850532108966
1 0.6370760000000001 0.4452370000000001 0.5586872974013716 0.44428896731478207 0.5584239999533279 0.512513012093432 0.6368127025519565 0.5134610447786501
1 0.23940600000000006 0.5371909999999999 0.16303194319384015 0.5311015602986549 0.16141099797547953 0.5948100795703642 0.23778505478163944 0.6008995192717093
1 0.2376130000000001 0.8232390000000002 0.16262721227053775 0.8216338761095521 0.16216799317023986 0.8888619998538041 0.23715378089970224 0.8904671237442522
1 0.16623800000000008 0.5344280000000001 0.08495943261752119 0.5276822349004037 0.08307719890335491 0.5987510414067935 0.1643557662858338 0.6054968065063899
0 0.16122399999999998 1 0.16114897189750196 0.9428615982616154 0.08936015978802125 0.9431570001654671 0.08943518789051927 1.0002954019038517
0 0.16276700000000005 0.83426 0.08897384126004426 0.8304364580875617 0.08805679957200678 0.8858990258849808 0.16184995831196256 0.8897225677974191
0 0.5420920000000002 0.15563100000000013 0.5152690006939967 0.1555876542067103 0.5152120005165115 0.2661219983848413 0.5420349998225149 0.2661653441781311
0 0.9396950000000002 0.2254610000000002 0.8777157937454798 0.22162130575763153 0.876733980254942 0.2712849987767676 0.9387131865094623 0.2751246930191363
0 0.5289644244332855 0.8843790345063064 0.5203418763734179 0.774937077752024 0.49415423073629594 0.7814026784198529 0.5027767787961636 0.8908446351741351
0 0.8685060000000001 0.39435400000000015 0.8003436885409948 0.3925568599602121 0.7999059918101389 0.4445799734184725 0.8680683032691442 0.44637711345826053
1 0.16540800000000008 0.8816789999999999 0.09089638976767832 0.8717826156907068 0.08801165617492179 0.9398460340243014 0.16252326640724357 0.9497424183335946
0 0.15041900000000002 0.6581999999999999 0.08301702492784557 0.6548945500466894 0.08220940000000006 0.706502 0.14961137507215447 0.7098074499533106
0 0.6300550000000003 0.2814640000000001 0.5660922160461105 0.2805509602603206 0.565856 0.33240800000000015 0.6298187839538899 0.33332103973967964
1 0.4717060000000001 0.5385510000000001 0.47105349041180833 0.475303757834848 0.3957290000000001 0.477739 0.39638150958819185 0.5409862421651521
1 0.4016410000000001 0.886657 0.40114808645608185 0.8196798826939943 0.3289910000000001 0.8213440000000001 0.3294839135439183 0.8883211173060058
0 0.40157000000000004 0.6489419999999999 0.40146731037821276 0.5945899922416694 0.332555 0.594998 0.33265768962178727 0.6493500077583305
0 0.8750550000000002 0.22134400000000024 0.8052467859876694 0.22059997640281406 0.8050710000000003 0.27228500000000017 0.8748792140123313 0.27302902359718634
0 0.9914623542021369 0.7645356373764232 0.9913843535570527 0.6578117547442003 0.9630553542021368 0.6578766373764231 0.963133354847221 0.7646005200086459
0 0.46203800000000006 0.0008375560000000976 0.3910797307369634 0.000735384612293642 0.3910539999866751 0.0567352289999809 0.46201226924971184 0.05683740038768736
0 0.4732230000000001 0.652677 0.40362225973713994 0.6520069832472288 0.4034470000000001 0.7090590000000002 0.4730477402628603 0.7097290167527713
0 0.16211600000000007 0.777547 0.08952856573698259 0.776113920352327 0.08917620000000007 0.8320439999999999 0.16176363426301751 0.8334770796476729
0 0.9418500000000001 0.5021520000000002 0.8693623654216707 0.4983504422777954 0.8684279824023329 0.5541830515213279 0.9409156169806622 0.5579846092435327
0 0.39596800000000004 0.0000841476000000862 0.32413675272967135 -0.003807194927097838 0.3231580000000001 0.052809900000000076 0.3949892472703288 0.056701242527097996
0 0.6979490000000002 0.11344800000000016 0.6312842790765026 0.11174387932112766 0.6308590000000002 0.16387900000000014 0.6975237209234977 0.16558312067887263
0 0.8708200000000001 0.6232000000000001 0.8044521492540049 0.6209277654511702 0.8038570000000003 0.675402 0.8702248507459955 0.6776742345488298
0 0.6346100000000001 0.5690069999999999 0.5678632115860435 0.5660716135036267 0.567071 0.6225220000000001 0.6338177884139566 0.6254573864963734
0 0.40509100000000003 0.7687350000000002 0.3334835770612199 0.7684479983048665 0.333404999994874 0.8298850040079676 0.4050124229336541 0.8301720057031012
0 0.3965630000000002 0.8858200000000002 0.3284591406193226 0.8829546272541945 0.32770400000000005 0.9391990000000002 0.3958078593806777 0.9420643727458059
0 0.6996290000000002 0.39667900000000006 0.6317139808341636 0.3966349999875831 0.631703 0.4497490000000002 0.6996180191658365 0.4497930000124171
0 0.23166500000000004 0.42985299999999993 0.163167696144693 0.4287009444324858 0.16288200000000005 0.481932 0.23137930385530708 0.4830840555675142
0 0.150056 0.12916899999999998 0.14942453335111203 0.08051450581017307 0.08367070000000001 0.08318879999999998 0.08430216664888798 0.13184329418982688
0 0.39279200000000003 0.0667567000000001 0.32608709165267585 0.06412734885382766 0.32535500000000006 0.12232900000000006 0.39205990834732424 0.12495835114617251
0 0.395432 0.483622 0.3945661449371703 0.42955149090978245 0.32548699999999997 0.43301799999999996 0.3263528550628297 0.4870885090902175
0 0.9452410000000001 0.15838600000000003 0.9449483288992103 0.1040849437745606 0.8752000000000001 0.105263 0.8754926711007899 0.15956405622543943
0 0.871779 0.10958000000000018 0.8049446095377785 0.10785588674013376 0.804507999787686 0.16089402579132098 0.8713423902499076 0.16261813905118738
0 0.7022999999999999 0.2828390000000001 0.629967885137374 0.2808118566534416 0.6294710000000001 0.3363720000000001 0.701803114862626 0.33839914334655863
0 0.46660700000000005 0.5900050000000002 0.3985462885847646 0.5897589974286198 0.39848400000000006 0.643763 0.46654471141523557 0.6440090025713803
0 0.7018880000000001 0.623198 0.6348244256787978 0.6218469279912326 0.6344839998705009 0.6748000201435289 0.7015475741917031 0.6761510921522964
0 0.16367400000000001 0.488583 0.09610016806610922 0.48237325104588286 0.0944239978499352 0.5395320733190297 0.16199782978382601 0.545741822273147
0 0.22406000000000004 0.26380600000000004 0.15698608059667565 0.26263294894276074 0.15668799990240592 0.31604401748722294 0.2237619193057303 0.31721706854446224
0 0.710221 0.562168 0.709807259259304 0.5083238733587517 0.637708 0.51006 0.638121740740696 0.5639041266412482
0 0.46617300000000006 0.3109930000000002 0.3944819334144873 0.3105519934389147 0.3943670000000001 0.3691020000000001 0.4660580665855128 0.3695430065610856
1 0.9449850000000001 0.38310800000000017 0.8687641051302982 0.38296199828587035 0.8687239993887446 0.44857399999882935 0.9449448942584464 0.44872000171295917
0 0.39231800000000006 0.3710040000000001 0.3253739639719578 0.3684427308025784 0.32473600000000014 0.4206960000000001 0.3916800360280424 0.4232572691974218
0 0.699141 0.34029800000000016 0.6363809737426155 0.33486052485958384 0.6349300000000001 0.38734200000000024 0.6976900262573847 0.39277947514041656
0 0.6306590000000001 0.629635 0.5649709454337637 0.6262504819474993 0.5641120000000002 0.6784920000000002 0.6298000545662364 0.6818765180525008
0 0.16089800000000004 0.31706300000000004 0.08569395190980886 0.31229410917284167 0.08446609987184528 0.37297200633314204 0.15967014796203644 0.37774089716030046
0 0.15432700000000005 0.20347200000000001 0.08285884926518604 0.19979045134723647 0.08192710000000003 0.25647200000000003 0.15339525073481405 0.2601535486527635
0 0.6281550000000002 0.2781620000000001 0.6274203426293503 0.22408964479984156 0.554461 0.227196 0.5551956573706499 0.2812683552001585
0 0.939153 0.09723579999999997 0.9387283047814614 0.04614156182369067 0.8716119997835402 0.047889773958135595 0.8720366950020788 0.09898401213444488
0 0.9407420000000001 0.44717100000000015 0.8731517332852652 0.4445407172149839 0.8724980000000002 0.49718400000000024 0.940088266714735 0.4998142827850165
0 0.46032600000000007 0.19858900000000007 0.3944870773742578 0.19419213699962387 0.3933630000000001 0.2469390000000001 0.4592019226257424 0.2513358630003763
0 0.394373 0.31964500000000007 0.32618054517129413 0.3153242742133438 0.32511600000000007 0.36797500000000005 0.3933084548287059 0.3722957257866563
0 0.9403980000000002 0.6769740000000002 0.871508968758666 0.6753989078289165 0.8711240000000001 0.7281620000000003 0.9400130312413344 0.7297370921710838
0 0.22796900000000014 0.889062 0.16302009001243262 0.8864506819732136 0.16233300000000012 0.9400040000000001 0.22728190998756764 0.9426153180267866
0 0.22849300000000006 0.715285 0.1613329615630811 0.7131108045155633 0.16079398967281913 0.7652829996656746 0.22795402810973808 0.7674571951501112
0 0.3960780000000001 0.25320700000000007 0.39601906298656364 0.19852699978725077 0.3220040000000001 0.198777 0.3220629370134365 0.25345700021274936
0 0.8702380000000001 0.685876 0.8085383211173663 0.6840028275918701 0.8080480000000002 0.7346140000000002 0.8697476788826339 0.7364871724081301
0 0.47122 0.47561900000000007 0.4694540801082501 0.4222049196234931 0.3960679999999999 0.429808 0.3978339198917498 0.48322208037650694
0 0.7121300000000002 0.5649070000000002 0.6370985042871605 0.5637129602836087 0.6368020000000002 0.6221000000000001 0.7118334957128399 0.6232940397163914
0 0.6934600000000001 0.21779399999999996 0.69274781578612 0.17016658689824224 0.6329429999999999 0.172969 0.6336551842138801 0.22059641310175773
0 0.7015430000000001 0.6819870000000001 0.6340837057354938 0.680807942422648 0.6337860000000002 0.7341850000000001 0.7012452942645065 0.7353640575773522
0 0.396354 0.31186800000000003 0.3959762543025889 0.2589549048244525 0.32887800000000006 0.260456 0.3292557456974111 0.31336909517554756
0 0.8697030000000001 0.16564100000000015 0.8053729063466977 0.16160317814763794 0.804243 0.21801500000000015 0.8685730936533025 0.2220528218523624
0 0.21945500000000007 0.21096900000000002 0.15461324928670037 0.20722643720432557 0.153706 0.2564840000000001 0.2185477507132997 0.2602265627956746
0 0.15498600000000004 0.015636500000000015 0.08346804843797255 0.014443644098922665 0.08316820000000001 0.07078010000000001 0.15468615156202747 0.07197295590107736
0 0.15470600000000007 0.606289 0.08420026104452452 0.6016891819543412 0.08311187907380756 0.6539680051588018 0.15361761802928312 0.6585678232044606
0 0.9335180000000002 0.39043 0.9334255560064546 0.3408849909018975 0.8660400000000003 0.34127900000000005 0.8661324439935457 0.39082400909810255
0 0.4622800000000001 0.129204 0.46145363574123727 0.076257028723071 0.39401300000000006 0.07955549999999999 0.3948393642587628 0.13250247127692902
0 0.3925770000000001 0.9399770000000001 0.33528699985669774 0.9398311764270274 0.33524099985669775 0.9964641764270273 0.39253100000000013 0.99661
0 0.8677650000000001 0.27676100000000015 0.80060964854389 0.2749858585430442 0.800198991566752 0.3236699997770811 0.8673543430228621 0.3254451412340371
0 0.16107700000000005 0.433995 0.09517138854280799 0.43164674661484725 0.0945630887965491 0.48514698534859363 0.16046870025374116 0.48749523873374623
0 0.8679010000000001 0.3346870000000002 0.7973778298811415 0.33245380461625706 0.7968350000000001 0.3861730000000002 0.8673581701188586 0.3884061953837433
0 0.9417550000000002 0.5644230000000002 0.8725339637873626 0.5605983902257317 0.8715830000000002 0.6145340000000002 0.9408040362126378 0.6183586097742688
0 0.22595300000000004 0.318135 0.1579811132295979 0.3170709548099324 0.15771300000000002 0.370743 0.22568488677040216 0.37180704519006763
0 0.9365420000000002 0.27803900000000015 0.871601941751946 0.2730487660248979 0.8702700000000001 0.32736600000000016 0.9352100582480543 0.33235623397510244
0 0.6957090000000001 0.05534570000000013 0.6348853267906379 0.04977218053226265 0.6333180000000003 0.10337200000000013 0.6941416732093625 0.10894551946773762
0 0.216525 0.12936300000000003 0.21536883201243937 0.07645875272425008 0.15186600000000003 0.0808077 0.15302216798756066 0.13371194727574995
1 0.8743070000000002 0.5541150000000002 0.7980383066121779 0.5472819668634131 0.7960180000000001 0.6179480000000003 0.8722866933878224 0.6247810331365873
0 0.458986 0.42266000000000004 0.45833347591652074 0.3709227045269235 0.39153000000000004 0.37356299999999987 0.39218252408347937 0.4253002954730764
0 0.629961 0.16749100000000003 0.6290556559409737 0.11291944601272488 0.5540670000000001 0.116818 0.5549723440590263 0.17138955398727515
0 0.6292130000000001 0.22095600000000004 0.6282592685131121 0.16815741873780438 0.5601470000000001 0.172013 0.561100731486888 0.22481158126219566
0 0.8664200000000002 0.05777810000000019 0.7998321136314721 0.05334630889661536 0.798761 0.10377900000000018 0.865348886368528 0.10821079110338501
0 0.4638970000000001 0.25274200000000013 0.3954729014708877 0.25126491152400626 0.3951139931123322 0.30336599985131424 0.4635380916414446 0.30484308832730805
0 0.222706 0.06678970000000001 0.2203138194508813 0.00993064221814597 0.15221099490211254 0.018909478829764816 0.1546031754512312 0.07576853661161884
0 0.69843 0.503642 0.698076579978587 0.4495429267103916 0.632618 0.450883 0.6329714200214129 0.5049820732896083
0 0.6248730000000001 0.05756660000000012 0.5581320954631123 0.05359805159430677 0.557170998104651 0.10424909988729887 0.6239119026415387 0.10821764829299223
0 0.0001222351125185543 0.0008609527345387937 0.00009077416859847007 0.0008551879335164696 0.00008605299611147816 0.0009359296434221205 0.00011751394003156238 0.0009416944444444447
1 0.473847 0.8242900000000001 0.47348025988647446 0.7552919457018923 0.39687000000000006 0.756568 0.3972367401135256 0.8255660542981078
1 0.6328880000000001 0.6723270000000002 0.565884731393101 0.6692235243758721 0.5649500000000001 0.732464 0.6319532686068993 0.7355674756241282
1 0.0002700914072667519 0.0008147398989629352 0.00024702552543959407 0.0008096127903602215 0.00023780103032434142 0.0009396599284343236 0.0002608669121514993 0.0009447870370370372
0 0.23399001145521675 0.9445688086745975 0.1671139928538813 0.9431258894152017 0.16674134803786836 0.9972491698827884 0.2336173666392038 0.9986920891421841