1 0.2155757383098448 0.7104650574343095 0.21506776440552777 0.6464503104423247 0.139125 0.6483269999999999 0.13963297390431703 0.7123417469919847
1 0.2171398542573419 0.8246750980732181 0.21662962726107887 0.760652229022943 0.14068699999999998 0.7625369999999999 0.14119722699626303 0.826559869050275
1 0.14276277227817355 0.8260620804471518 0.14225469208896338 0.7620381997084253 0.0663125 0.7639149999999999 0.06682058018921012 0.8279388807387263
1 0.1453727413163456 0.8831671808683069 0.14486469292188317 0.8191433022454253 0.0689219 0.82102 0.06942994839446241 0.8850438786228816
1 0.14485174033605294 0.9407310573325679 0.14434377227888595 0.8767173027555549 0.068401 0.8785939999999999 0.06890896805716701 0.942607754577013
1 0.21947900000000006 0.930634 0.14225500000000005 0.930634 0.14225500000000005 1 0.21947900000000006 1
1 0.14642044264629345 0.9987549965134183 0.1459107215525198 0.9347350275429793 0.0699687 0.936618 0.07047842109377364 1.000637968970439
1 0.455937 0.9946690000000001 0.455417 0.924182 0.37947331199645185 0.925926739795974 0.3799933119964518 0.9964137397959741
1 0.3823332058665146 0.933360057420362 0.3818226905497154 0.8693361917550633 0.30588000000000004 0.871222 0.30639051531679923 0.9352458656652987
1 0.454882479680074 0.8191510706196526 0.45437478027447237 0.7551372956924691 0.37843199999999994 0.7570130000000002 0.37893969940560157 0.8210267749271837
1 0.38207323202562354 0.8200699319152019 0.38156268973288704 0.756046091387637 0.30562 0.757932 0.3061305422927365 0.821955840527565
1 0.45514273850590187 0.7615860821413588 0.4546346931982124 0.6975623369138866 0.37869299999999995 0.6994389999999999 0.37920104530768933 0.7634627452274722
1 0.38129119828785746 0.6501339584541408 0.3807806909518571 0.5861102416719965 0.304839 0.5879960000000001 0.30534950733600036 0.6520197167821444
1 0.454896 0.41663600000000006 0.454635 0.3466910000000001 0.3820793212616921 0.3475341404178236 0.3823403212616921 0.41747914041782364
1 0.4549137705813199 0.2917985809396416 0.45409655047751496 0.2277827823531001 0.38257377989619507 0.23062620141345846 0.3833909999999999 0.294642
1 0.6109365130078593 0.27297936635555625 0.5386455130078593 0.27297936635555625 0.5386455130078593 0.34669236635555617 0.6109365130078593 0.34669236635555617
1 0.6118665277634233 0.37381035346479796 0.5399635130078593 0.37337429621159857 0.5398154982522955 0.4493812389583991 0.6117185130078595 0.4498172962115985
1 0.6145907394861866 0.5888842056766047 0.6140827646015848 0.5248693351493737 0.538141 0.5267459999999998 0.5386489748846018 0.5907608705272308
1 0.8525964650000742 0.9098770711542846 0.8520887011809472 0.8458543226067678 0.776146 0.8477300000000001 0.776653763819127 0.9117527485475169
1 0.850249853070845 0.40328694919254343 0.8497396272610789 0.3392642290229431 0.7737969999999998 0.3411489999999999 0.7743072258097659 0.40517172016960024
1 0.2176750699871614 0.30648249900451896 0.21676965232522288 0.23934422074114212 0.1409395662589703 0.24252889470875966 0.14184498392090886 0.3096671729721365
0 0.2831016816866846 0.21526766581615475 0.2622587462839145 0.1741072641546215 0.21519335715261576 0.24832805862951168 0.23603629255538586 0.28948846029104497
0 0.18983527425253297 0.3049636491704097 0.1194675705035494 0.29931988534881887 0.11809629625101645 0.3525642361784093 0.18846400000000002 0.35820800000000014
0 0.20076770593479304 0.36384667470184323 0.13299500000000003 0.355818 0.13106029406520703 0.4066773252981569 0.19883300000000004 0.41470600000000013
0 0.20578099999999996 0.473438 0.20467694199122674 0.41774925248009176 0.14066694199122678 0.4217012524800917 0.141771 0.47739
0 0.20862770144857185 0.5300137926351054 0.14085400000000003 0.5219850000000001 0.1389192985514282 0.5728442073648948 0.20669300000000002 0.580873
0 0.1363869802044098 0.7094103991899686 0.06690100000000006 0.705818 0.06594936361556841 0.7631409197939727 0.13543534381997813 0.7667333189839413
0 0.20837877889044557 0.716190261476077 0.13890231615751786 0.7129498909268426 0.1381275372670724 0.7646826294507655 0.20760400000000007 0.767923
0 0.20756117547856207 0.8776436936053775 0.20713397729936556 0.8250581115699215 0.140417 0.8267460000000001 0.14084419817919652 0.8793315820354561
0 0.20083795694349293 0.9355242225583325 0.20035465627999546 0.886167658645521 0.1385796993365025 0.8880514360871887 0.139063 0.9374080000000001
0 0.36316099999999996 0.291994 0.36278441088818447 0.23548511652961612 0.2846928006017501 0.23710580699759487 0.2850693897135656 0.2936146904679787
0 0.3663330000000001 0.35048700000000005 0.3659545171891602 0.2939781013033294 0.2878598293676245 0.2956070052548384 0.28823831217846435 0.3521159039515091
0 0.3654319999999999 0.412564 0.36505561152813115 0.3560460162219272 0.2869587967720776 0.35766569033381684 0.2873351852439463 0.4141836741118896
0 0.45652100000000007 0.3433270000000001 0.45614465251018627 0.28681811850080624 0.3780517971976764 0.2884377950021613 0.3784281446874902 0.3449466765013552
0 0.371302 0.465074 0.3709110307340448 0.41091634951558637 0.3013896782498669 0.41247930166775165 0.3017806475158221 0.4666369521521653
0 0.44525999999999993 0.460294 0.4444811971407129 0.4109760372966602 0.37906519714071296 0.41419303729666024 0.379844 0.463511
0 0.3744328157575164 0.5279610164242384 0.3740035303046846 0.4722300877084043 0.30680699999999994 0.4738419999999999 0.30723628545283177 0.529572928715834
0 0.372640831088961 0.5900238265192094 0.3722125755150624 0.5342929521235994 0.305016 0.535901 0.3054442555738986 0.5916318743956098
0 0.4456938157575164 0.5884300164242384 0.44526453030468455 0.5326990877084045 0.378068 0.534311 0.37849728545283184 0.5900419287158339
0 0.44389083877189867 0.6457318263353528 0.443462506368623 0.5899909537783087 0.376266 0.591599 0.3766943324032756 0.6473398725570442
0 0.3755635592825866 0.69824664332931 0.374948 0.646507 0.30952156626416294 0.6489310656047598 0.3101371255467495 0.7006707089340698
0 0.44161500000000004 0.6994490000000001 0.4409794728486041 0.6452978240857444 0.3748913089169435 0.6477132547234364 0.3755268360683395 0.7018644306376921
0 0.45239599999999996 0.5182900000000003 0.4498562569225051 0.4621110031450642 0.37673125692250514 0.4724060031450641 0.379271 0.5285850000000002
0 0.372708 0.7556989999999999 0.3725968237559159 0.7059693366104924 0.3089033093811409 0.7064127781337363 0.30901448562522493 0.7561424415232437
0 0.37855256882368643 0.8710776428617104 0.3779370000000001 0.8193380000000001 0.3125115661243877 0.8217620661537686 0.313127134948074 0.8735017090154789
0 0.4488238144442464 0.8657736306778681 0.448208 0.8140350000000001 0.3827825742490393 0.8164600805307899 0.38339838869328574 0.8681987112086579
0 0.43958299999999995 0.924816 0.4394717469282133 0.873710933991705 0.38129161329070044 0.8741053617203187 0.38140286636248716 0.9252104277286137
0 0.3800620926154699 0.9864854547137227 0.379792 0.934743 0.314016793945675 0.9358122335222346 0.3142868865611449 0.9875546882359575
0 0.6057289999999999 0.232445 0.605468105528918 0.17940962386469056 0.5443837131463545 0.1803454047011702 0.5446446076174362 0.23338078083647962
0 0.67375 0.24972399999999997 0.6734692651489669 0.1965779065562693 0.6142794289723972 0.1975515877639575 0.6145601638234303 0.25069768120768815
0 0.6826017523095766 0.34786456279866695 0.6823280000000002 0.29410800000000004 0.6168999015910814 0.29514561266653205 0.6171736539006579 0.348902175465199
0 0.6715989373167147 0.4492159896678374 0.6706411665184426 0.3962732302841203 0.6142709999999999 0.399449 0.615228770798272 0.452391759383717
0 0.605532568383071 0.5229156058272127 0.604917 0.47117600000000004 0.5394905665650029 0.47360010318826595 0.5401061349480739 0.5253397090154788
0 0.6765588140032622 0.5156175936278821 0.6759429999999998 0.4638790000000001 0.6105165746900234 0.4663041175807759 0.6111323886932857 0.5180427112086579
0 0.6767721750495334 0.5766327080771249 0.6759369999999999 0.5255510000000001 0.6154087906855149 0.5286328719718761 0.6162439657350482 0.5797145800490009
0 0.6116996520956328 0.5878687055571855 0.5470160000000001 0.5864710000000001 0.5466703479043673 0.6362862944428146 0.6113540000000001 0.6376840000000001
0 0.6799385592825865 0.6329986433293098 0.6793229999999999 0.581259 0.6138965662641628 0.5836830656047599 0.6145121255467494 0.6354227089340698
0 0.6829435688236865 0.6900296428617103 0.682328 0.63829 0.6169015665650032 0.640714103188266 0.6175171353886896 0.6924537460499763
0 0.6128120000000001 0.6462320000000001 0.5485033438909477 0.6421682002337459 0.547604 0.6864890000000002 0.6119126561090524 0.6905527997662544
0 0.5666046310049521 0.8148102372693706 0.5659890717223655 0.7630705939400606 0.5005626379865284 0.7654946595448204 0.5011781972691151 0.8172343028741305
0 0.6803138048993456 0.8074096311459457 0.6796980000000001 0.755671 0.6142715743886832 0.7580960799815607 0.6148873792880286 0.8098347111275065
0 0.677683568383071 0.8644416058272129 0.6770680000000001 0.8127020000000003 0.611641566565003 0.8151261031882662 0.6122571349480739 0.8668657090154789
0 0.609063 0.814706 0.5455209999999998 0.814614 0.545499120648956 0.8616740252604531 0.6090411206489562 0.8617660252604531
0 0.6111675688236863 0.98315464286171 0.610552 0.9314150000000001 0.545125566565003 0.9338391031882661 0.5457411353886893 0.9855787460499762
0 0.6085375592825866 0.92147264332931 0.607922 0.869733 0.5424955662641631 0.8721570656047598 0.5431111255467496 0.9238967089340698
0 0.6821938144442464 0.9851396306778681 0.6815779999999999 0.9334009999999998 0.6161515746900234 0.9358261175807756 0.6167673891342698 0.9875647482586442
0 0.6754288140032622 0.9261135936278821 0.674813 0.874375 0.6093865746900234 0.8768001175807758 0.6100023886932856 0.9285387112086579
0 0.8505246397748499 0.2868914767110839 0.773245 0.28406200000000015 0.772647173959016 0.33491053685209815 0.849926813733866 0.33774001356318184
0 0.9173934644926051 0.2900820076626048 0.850854 0.2886120000000001 0.8504915355073949 0.3397059923373954 0.9170309999999999 0.34117600000000015
0 0.9143212963079248 0.3929180179210581 0.9140595256061993 0.341981521553363 0.8512339999999999 0.342987 0.8514957707017253 0.39392349636769514
0 0.9118635506717333 0.4480370088590247 0.9116015179523301 0.3971005151954496 0.8487759999999999 0.398107 0.8490380327194031 0.44904349366357504
0 0.8491085346922654 0.448699009521266 0.8488465181637592 0.39776151702226814 0.7860159999999999 0.398768 0.7862780165285062 0.44970549249899794
0 0.8479782920871343 0.50374501806972 0.8477165257306007 0.4528085379213771 0.7848909999999999 0.453814 0.7851527663565334 0.5047504801483429
0 0.9094210254035687 0.5083384960372487 0.9089463912403394 0.45739398219719957 0.8495259999999999 0.4591180000000001 0.8500006341632294 0.5100625138400492
0 0.849531 0.566085 0.8489080008665432 0.5124414204196559 0.7837499999999998 0.514798 0.7843729991334567 0.568441579580344
0 0.9122382920871343 0.5654180180697201 0.9119765257306007 0.514481537921377 0.8491509999999999 0.5154869999999999 0.8494127663565335 0.5664234801483431
0 0.8506082920871344 0.62112601806972 0.8503465257306009 0.570189537921377 0.787521 0.571195 0.7877827663565335 0.6221314801483429
0 0.9137432920871345 0.6204640180697201 0.9134815257306009 0.569527537921377 0.850656 0.570533 0.8509177663565334 0.6214694801483429
0 0.9111132920871344 0.6741770180697201 0.9108515257306009 0.6232405379213769 0.8480259999999997 0.624246 0.8482877663565332 0.675182480148343
0 0.8487335295488059 0.6735150096036592 0.8484715181637593 0.6225785170222681 0.785641 0.623585 0.7859030113850466 0.674521492581391
0 0.8491109080490864 0.7285519255100731 0.8488464995890801 0.6776153116855461 0.786016 0.678631 0.7862804084600064 0.729567613824527
0 0.9133685295488058 0.7272280096036593 0.9131065181637593 0.6762915170222681 0.8502759999999999 0.677298 0.8505380113850465 0.7282344925813912
0 0.9178792709852436 0.7816130188129244 0.9176175258591521 0.7306765237449404 0.854786 0.7316819999999999 0.8550477451260914 0.782618495067984
0 0.8502335506717335 0.7882390088590246 0.8499715179523302 0.7373025151954495 0.787146 0.7383089999999999 0.7874080327194033 0.789245493663575
0 0.8494859293655307 0.9633129247523693 0.8492214993759665 0.9123763098420706 0.7863960000000001 0.913392 0.7866604299895644 0.9643286149102986
0 0.8408425295488058 0.8466030096036592 0.8405805181637594 0.7956665170222681 0.77775 0.7966730000000001 0.7780120113850466 0.8476094925813913
0 0.9235166443433414 0.9672929348789846 0.9232525022253808 0.9163563344912239 0.8604219999999999 0.9173709999999999 0.8606861421179606 0.9683076003877609
0 0.9159992709030179 0.9036350028115051 0.9157375258591521 0.8526985237449403 0.852906 0.8537039999999999 0.8531677450438657 0.9046404790665648
0 0.9231769999999998 0.8465989999999999 0.9227662191262013 0.7956563143317168 0.855917 0.7973349999999999 0.8563277808737986 0.848277685668283
0 1.0000000000000002 0.9164595438115279 0.9966206936714123 0.7954077824886713 0.9646460000000001 0.7981875438115281 0.968025306328588 0.9192393051343849
0 0.7565746786659167 0.35751907592231075 0.7395590081561916 0.3138728919759399 0.6830931025899195 0.3824270423589323 0.7001087730996445 0.42607322630530314
1 0.2138090025368422 0.5400695352673882 0.21367199999999997 0.474706 0.13772618658177302 0.47520172586597687 0.13786318911861525 0.5405652611333651
1 0.21441800253684223 0.6538195352673881 0.214281 0.5884560000000001 0.13833618656809182 0.5889517193387037 0.13847318910493409 0.6543152546060917