1 0.7116580924871618 0.40965499542526485 0.7106019999999998 0.3437859999999999 0.6339999075128379 0.347575004574735 0.635056 0.4134439999999999
1 0.9856239999999997 0.9256360000000002 0.9090578746755067 0.9253389995138657 0.908969 0.996023 0.985535125324493 0.9963200004861347
1 0.47900199999999993 0.579607 0.47787440717965535 0.5154039779379184 0.4015949999999999 0.519537 0.4027225928203445 0.5837400220620816
1 0.8798019999999999 0.518728 0.8786825303487417 0.45081897302819923 0.8018785303487418 0.45472497302819936 0.802998 0.522634
1 0.879318 0.750627 0.8778975847898439 0.679153964146093 0.7986455847898438 0.6840129641460928 0.8000659999999999 0.7554859999999999
1 0.9761134631940966 0.6380919644219288 0.9743739980912659 0.568226923336324 0.903445 0.573675 0.9051844651028308 0.6435400410856049
1 0.6398630000000001 0.298309 0.6381794598826108 0.23032096486810705 0.5571774598826108 0.23650896486810713 0.558861 0.304497
1 0.8814460000000001 0.9205860000000001 0.8034590000000001 0.9145400000000002 0.8014518637845935 0.9944119894397998 0.8794388637845935 1.0004579894397998
1 0.9776013591184542 0.6881139731089926 0.976108 0.626588 0.9042866408815458 0.6319660268910073 0.90578 0.693492
1 0.48041866407669664 0.756150992152878 0.4801559961246518 0.6875739882292036 0.4030599999999999 0.688485 0.40332266795204474 0.7570620039236744
1 0.7163159999999998 0.689937 0.7156580872924496 0.6234619973346751 0.637088 0.6258609999999999 0.6377459127075502 0.6923360026653249
1 0.9857030000000001 0.8645080000000003 0.9100809958519135 0.8633828601081324 0.9097329958519135 0.9355408601081324 0.9853550000000001 0.9366660000000003
1 0.6464119999999999 0.9232390000000001 0.5632169999999999 0.923224 0.5632125892691756 0.9986950001062449 0.6464075892691756 0.9987100001062449
1 0.6441239999999999 0.6846140000000001 0.566848 0.6822360000000001 0.5661464634162049 0.7525669834878065 0.6434224634162048 0.7549449834878065
1 0.8821850000000001 0.64398 0.8818070000000001 0.567432 0.7991369971201917 0.5686914168159554 0.7995149971201917 0.6452394168159552
0 0.8772389999999998 0.682237 0.8753213349636391 0.6389279542432273 0.8107319559875857 0.6477510060121929 0.8126496210239466 0.6910600517689656
0 0.166111 0.464704 0.1643993551765352 0.4159249615507152 0.09782439886473018 0.42313196764669386 0.099536043688195 0.47191100609597875
0 0.6409900000000001 0.6358380000000002 0.5736190000000001 0.6333680000000003 0.5730301626867926 0.6829170059645308 0.6404011626867925 0.6853870059645306
0 0.23727300000000004 0.753993 0.23674208863332424 0.7083369968203101 0.17394 0.71059 0.1744709113666758 0.7562460031796898
1 0.16407953381728035 0.4197249654776195 0.16263099918770174 0.35062396125006323 0.0922122 0.355178 0.09366073462957858 0.42427900422755627
0 0.15803500858131844 0.35452299958111494 0.157236 0.304025 0.09315549141868154 0.30715300041888505 0.09395450000000001 0.357651
0 0.7091070032930997 0.5147219998044518 0.7081369999999999 0.4643270000000001 0.6351509807739681 0.46866100114166576 0.636120984067068 0.5190560009461175
0 0.404137 0.68919 0.4031112698634548 0.6448679807326833 0.33844426986345477 0.6494849807326832 0.33947 0.693807
0 0.170689 0.757558 0.16999390750238408 0.7094479595500268 0.10354090750238408 0.7124099595500268 0.104236 0.76052
0 0.879459 0.39679299999999995 0.878147388710805 0.3477129679527694 0.8106113887108048 0.3532809679527694 0.8119229999999998 0.40236099999999997
0 0.6394630414713547 0.7983709996768669 0.6393380000000001 0.748862 0.5750389585286455 0.7493630003231333 0.5751640000000001 0.7988720000000001
0 0.47381000000000006 0.8100440000000001 0.47197845649399794 0.7602519481968856 0.405244 0.7678250000000001 0.4070755435060021 0.8176170518031146
0 0.8761393530046517 0.75407200524135 0.808587 0.753069 0.8083456469953483 0.8032169947586504 0.8758980000000001 0.8042200000000003
0 0.704987 0.2967340000000001 0.637281 0.2937100000000002 0.6365637166194444 0.343254987343178 0.7042697166194445 0.34627898734317797
0 0.639642 0.40736800000000006 0.6385213931941541 0.353009974993079 0.5644479999999998 0.35772100000000007 0.5655686068058459 0.41207902500692106
0 0.7098520000000001 0.17778700000000003 0.7085821320534078 0.12279399059271562 0.63869 0.127773 0.6399598679465923 0.1827660094072844
0 0.6389370000000001 0.228715 0.6370033098236753 0.17434896600324828 0.5622193098236752 0.18255496600324825 0.564153 0.23692099999999996
0 0.8813530000000002 0.8758300000000002 0.8191846122712197 0.872892981682547 0.8184189846976058 0.9228899992770698 0.8805873724263862 0.925827017594523
0 0.9703427692725684 0.5095519125543636 0.968474 0.458834 0.8980432307274318 0.4668400874456365 0.8999120000000002 0.5175580000000001
0 0.1699942269969316 0.812674991136725 0.16937099999999997 0.763433 0.10577877300306839 0.7659160088632748 0.10640199999999998 0.8151579999999999
0 0.23396107487942833 0.8131989953025386 0.23298799999999997 0.7653460000000001 0.1712029251205716 0.7692220046974615 0.17217599999999994 0.817075
0 0.4646742276493152 0.3990549757151747 0.46302099999999985 0.35124400000000006 0.40045777235068464 0.35791802428482544 0.40211099999999994 0.40572900000000006
0 0.47207700000000014 0.514435 0.47023522479652224 0.4616369758079805 0.39813699999999996 0.46939600000000004 0.39997877520347785 0.5221940241920195
0 0.6435130000000001 0.8767820000000002 0.5761639696444867 0.8724749980587508 0.5750560000000001 0.9259250000000001 0.6424050303555136 0.9302320019412494
0 0.477834 0.927974 0.47701328895930684 0.8763089858389977 0.4075329999999999 0.879714 0.40835371104069307 0.9313790141610022
0 0.4720052298955549 0.2956029821823285 0.47069300000000003 0.24336900000000009 0.4001667701044452 0.2488350178176716 0.40147900000000003 0.30106900000000003
0 0.409435 0.9424719999999999 0.343532 0.9396480000000001 0.3427977709385039 0.9925090330353752 0.40870077093850393 0.9953330330353751
0 0.707608 0.230487 0.7061883480557009 0.18023396966584085 0.6387549999999999 0.18611099999999997 0.640174651944299 0.23636403033415915
0 0.24035000000000004 0.470812 0.23977200000000004 0.4139900000000001 0.16176999823640023 0.41643782662410395 0.16234799823640023 0.4732598266241039
0 0.22801212898570364 0.3527059938167366 0.227223 0.301921 0.1651838710142964 0.3048950061832634 0.165973 0.35568
0 0.6402110000000001 0.518154 0.6391509439945976 0.46276494426372483 0.5657119999999999 0.46710100000000004 0.5667720560054025 0.5224900557362752
0 0.8773434101493468 0.27382192885798323 0.8743639999999999 0.22083 0.8050425898506534 0.23285407114201678 0.808022 0.285846
0 0.40527736768865547 0.5799089965352128 0.40511699999999995 0.527406 0.3317866323113445 0.5280970034647874 0.331947 0.5806000000000001
0 0.9739179999999998 0.798178 0.9724602565144231 0.7453159781770874 0.902404 0.7512759999999998 0.9038617434855767 0.8041380218229125
0 0.4037620060061446 0.4042015526369205 0.403174995141947 0.35018955300118515 0.3315219891358024 0.35259200036426463 0.332109 0.406604
0 0.0001220021789674988 0.0009236844821050377 0.00011726582940868656 0.0008545137867647059 0.00008810875771486648 0.0008606730546596683 0.0000928451072736787 0.0009298437499999999
1 0.7165810018866848 0.5748212231202052 0.7160549934326377 0.512615223340746 0.637556991545953 0.5146630002205408 0.6380830000000001 0.576869
0 0.638782 0.344715 0.6382159072691316 0.2898299711308897 0.5674109072691316 0.29208297113088977 0.567977 0.34696800000000005
0 0.974833 0.3411170000000001 0.9722090337156656 0.2874618440406307 0.8981199926757263 0.298639850232433 0.9007439589600607 0.35229500619180243
0 0.1709981378333356 0.944670000534839 0.09677750000000006 0.9443820000000003 0.09671036216617647 0.9977599998531924 0.17093099999951203 0.998048000388031
0 0.7181800000000002 0.687309 0.640297 0.6868370000000001 0.6401817510279723 0.7455050045515097 0.7180647510279724 0.7459770045515095
0 0.0828127137179085 0.7670906502694993 0.0803214 0.648995 0.04705008628209151 0.6511603497305006 0.049541400000000006 0.769256
0 0.23582008731694162 0.12945598628059024 0.23305999494743573 0.07526210079386883 0.1667229076304941 0.08568511451327857 0.169483 0.13987899999999998
0 0.40447221376589393 0.8898010070024985 0.3379840000000001 0.8876230000000002 0.3374617862341064 0.9368039929975016 0.40395000000000014 0.9389820000000002
0 0.9708920000000002 0.4506540000000001 0.9687205639797248 0.3971929293297774 0.895675 0.4063460000000001 0.8978464360202754 0.4598070706702228
0 0.16827300828292185 0.2919199998438707 0.16793499999999997 0.236599 0.0982250917170781 0.23791300015612926 0.09856309999999999 0.29323399999999994
0 0.229629 0.40495500000000006 0.2279812820489803 0.3536779720392933 0.15821728204898033 0.36059397203929316 0.159865 0.411871
0 0.714718 0.8684770000000002 0.645122 0.867452 0.6448602883897709 0.9222730042473635 0.714456288389771 0.9232980042473636
0 0.6360963988823716 0.4638989768081298 0.6351099811742745 0.4115590010945677 0.5678605822919027 0.41546902428643784 0.5688469999999999 0.46780899999999986
0 0.638176 0.572376 0.6365740451366064 0.5205969956918672 0.567352 0.5272040000000001 0.5689539548633935 0.5789830043081328
0 0.164832 0.5817080000000001 0.16332261560443603 0.5289479456674677 0.09498929899256363 0.5349789647853799 0.0964986833881276 0.5877390191179123
0 0.636204 0.16959300000000002 0.6356692904350136 0.11673199093651838 0.5694650000000001 0.11879800000000004 0.5699997095649865 0.17165900906348167
0 0.8808942127207396 0.335089973986271 0.8787619999999999 0.2813000000000001 0.80522378727926 0.29029302601372925 0.8073559999999999 0.34408300000000014
0 0.3998359086550522 0.18288602507043816 0.321729 0.18073100000000009 0.3211890913449477 0.24110097492956198 0.39929599999999993 0.24325600000000006
0 0.9720584345281005 0.5698879624599549 0.9705539999999999 0.516165 0.9026195654718994 0.522034037540045 0.9041239999999999 0.575757
0 0.974898 0.737656 0.9737173237365332 0.6858469772395561 0.907193 0.690524 0.9083736762634669 0.7423330227604438
0 0.23556600000000003 0.5322300000000001 0.23537500000000003 0.4777100000000001 0.16523599668923958 0.4784680549599017 0.1654269966892396 0.5329880549599018
0 0.4083627684545081 0.4674909956899776 0.40825599999999995 0.408763 0.32962699819219876 0.4092040056188284 0.3297337666467069 0.467932001308806
0 0.4715851687619638 0.6430860080267907 0.403864 0.6398650000000001 0.4030838312380362 0.6904689919732095 0.47080500000000003 0.6936900000000001
0 0.4065921871018868 0.749800970067486 0.40360899999999994 0.692273 0.3305058128981131 0.703968029932514 0.333489 0.761496
0 0.2327654450333185 0.585872989005742 0.23237099980221315 0.5366149753005383 0.16489199999999998 0.538282 0.16528644523110536 0.5875400137052038
0 0.46667143604618033 0.45589997118098957 0.465634 0.407474 0.4000125639538196 0.41181102881901044 0.40105 0.460237
0 0.8788011116415516 0.2208649842675204 0.8762329999999999 0.164643 0.8025028883584484 0.17503301573247956 0.805071 0.231255
1 0.9752119999999999 0.238417 0.9748589999999999 0.171509 0.9003929949549124 0.17272104374869152 0.9007459949549124 0.23962904374869148
0 0.7153540000000002 0.9338930000000002 0.6465214189578098 0.9302369691380428 0.6455830000000004 0.9847430000000003 0.7144155810421906 0.9883990308619576
0 0.8858594869817525 0.5714649887520555 0.8854419998271051 0.5157019769067327 0.81093 0.517423 0.8113474871546474 0.5731860118453228
0 0.47150400000000003 0.5787210000000003 0.40626200000000007 0.5768230000000001 0.40574885493945173 0.631240024871633 0.47099085493945175 0.6331380248716333
0 0.1649490000000001 0.8901120000000001 0.09810070000000005 0.8869960000000001 0.09735588865630905 0.936290990148636 0.1642041886563091 0.939406990148636
0 0.46980906181112947 0.16702694128442291 0.46669599700644415 0.11961995441294375 0.4036459351953146 0.13239301312852086 0.406759 0.17980000000000002
0 0.401073 0.351384 0.3996931445208466 0.30072398785598226 0.3360131445208466 0.3060749878559823 0.337393 0.356735
0 0.159904 0.06366210000000001 0.09467992975665548 0.06064199674748677 0.09385870000000002 0.11535800000000003 0.1590827702433445 0.11837810325251326
0 0.707032 0.290433 0.7069488040216607 0.2370829961318865 0.6377318040216607 0.23741599613188646 0.637815 0.290766
0 0.39877 0.303327 0.39811551780868165 0.24950598057420392 0.328277 0.25212599999999996 0.3289314821913184 0.30594701942579605
0 0.9658414496076887 0.28465992776975285 0.9629929917036119 0.22995984068111208 0.894496 0.24096399999999996 0.8973444579040768 0.2956640870886408
0 0.722057 0.802531 0.7205689178449646 0.7461379252804844 0.6434139178449646 0.7524189252804844 0.644902 0.808812
0 0.468801 0.349435 0.46763429841692244 0.29828097900252654 0.404362 0.302733 0.4055287015830776 0.35388702099747343
0 0.5590181353765696 0.5496378920595535 0.5461599999999999 0.499887 0.4776478646234303 0.5545141079404466 0.4905059999999999 0.6042650000000002
0 0.9722193077545594 0.3971149768548949 0.9709320000000001 0.34430800000000006 0.9006716922454406 0.34959202314510524 0.901959 0.40239900000000006
0 0.23748548543169837 0.6958089823697559 0.23685399957262301 0.6421679636968302 0.16848600000000002 0.6446510000000001 0.16911748585907538 0.6982920186729258
0 0.48237499999999994 0.9884830000000001 0.48163531266884013 0.9341539868669816 0.414854 0.936959 0.41559368733115976 0.9912880131330184
0 0.168035 0.6967320000000001 0.16750722805743565 0.646846992556382 0.105557 0.6488689999999998 0.10608477194256433 0.6987540074436179
0 0.8832085643776436 0.15974095004586597 0.8816539974669826 0.10555691171230835 0.805731 0.112277 0.8072855669106609 0.1664610383335576
0 0.167951 0.525194 0.16611920007901537 0.4723299679212854 0.0994029 0.47946200000000005 0.10123469992098465 0.5323260320787148
0 0.7072930000000001 0.46149400000000007 0.7063764458118412 0.4074509766743534 0.6399604458118413 0.41092597667435343 0.640877 0.4649690000000001
0 0.16728000000000007 0.15755300000000005 0.09173390000000002 0.15101200000000004 0.08989739471928529 0.21644904283422767 0.16544349471928532 0.2229900428342277
0 0.40580122870851926 0.8152959969992121 0.4055709999442021 0.7611619868801541 0.338576 0.762041 0.33880622876431715 0.8161750101190579
0 0.23414104356959733 0.8884651252663398 0.17576600000000006 0.8794950000000001 0.17302795056934733 0.9344659924043031 0.23140299413894463 0.9434361176706427
0 0.4057235750840839 0.6369449106671836 0.4029579922390996 0.5820198458668641 0.32364 0.594341 0.32640558284498433 0.6492660648003197
1 0.23914499999999994 0.305089 0.23837708308377906 0.23863099703826104 0.16659099999999996 0.24119 0.16735891691622085 0.30764800296173894
1 0.24081600011489565 0.2459440119600668 0.24004799051102543 0.1659980122446962 0.16578299039612976 0.1681990002846294 0.16655099999999998 0.24814499999999995
1 0.8768380959763789 0.46050399682662735 0.876147 0.39602100000000007 0.8021089040236213 0.39846900317337275 0.8028000000000001 0.46295200000000003
0 0.7895150000000001 0.9646840000000002 0.7598356988548665 0.963593253911184 0.7594020000000001 1.0000000000000002 0.7890813011451336 1.0010907460888163
0 0.48722499999999996 0.22691000000000006 0.48260728886475746 0.16203693656623366 0.392337 0.18185999999999994 0.3969547111352425 0.24673306343376633
1 0.4085481869589881 0.5314839963263818 0.4080979998748654 0.4608019803531315 0.329163 0.46235299999999996 0.3296131870841227 0.5330350159732502
0 0.4010803592036198 0.17745999360560064 0.400684 0.10877 0.3193426407963802 0.11021800639439938 0.319739 0.178908
0 0.23837857544109511 0.9963044739191915 0.23813646945800826 0.9427478439439914 0.17061187561233862 0.9436895553805883 0.17085398159542547 0.9972461853557886