1 0.40256334174913466 0.7693609936484205 0.40214799988861255 0.7000669814165676 0.32611999999999997 0.70148 0.3265353418605221 0.7707740122318528
1 0.40140200000000004 0.5277220000000001 0.32835328343152914 0.5241829652839802 0.32729100000000005 0.5921710000000001 0.40033971656847095 0.59571003471602
1 0.16428199999999998 0.7710750000000001 0.1639890013098706 0.69978499870892 0.0852844 0.700788 0.0855773986901294 0.7720780012910801
1 0.636227800341056 0.49776100448952987 0.5585020000000002 0.49732500000000024 0.5583731996589443 0.5685209955104705 0.6360990000000001 0.5689570000000002
1 0.47602800000000006 0.697822 0.39634 0.697159 0.3961608843097446 0.7639130073574109 0.47584888430974465 0.7645760073574109
1 0.87084 0.506057 0.8704706244789353 0.4384370063605051 0.7942506244789354 0.4397280063605051 0.79462 0.507348
1 0.6281480997903306 0.38799900797019565 0.5570820000000001 0.3823230000000002 0.5553809002096695 0.4483639920298046 0.626447 0.4540400000000001
1 0.23680839096699974 0.5915450232929096 0.16013439211042058 0.586976963783345 0.15885900000000008 0.6533550000000001 0.23553299885657922 0.6579230595095649
1 0.47017220156695455 0.5871589897474814 0.469135 0.5239300000000001 0.3947207984330456 0.5277150102525189 0.39575800000000005 0.5909440000000001
1 0.6365660000000002 0.44240500000000016 0.5555866370115509 0.4405379916311708 0.555082 0.5084070000000004 0.6360613629884493 0.5102740083688297
1 0.704739 0.275535 0.7041782540008009 0.20945999331612428 0.6290480000000003 0.21143699999999999 0.6296087459991994 0.27751200668387566
1 0.9446530084332896 0.6102580002713263 0.8689999980607488 0.6078239999376084 0.8683349896274593 0.6719149996662823 0.943988 0.6743490000000002
1 0.403223 0.710005 0.4032182638782497 0.6406559999441208 0.322939 0.6406729999999999 0.32294373612175026 0.7100220000558792
1 0.23885200000000006 0.816016 0.16382178483330012 0.8128119908117539 0.1628810000000001 0.8811240000000001 0.23791121516670005 0.8843280091882463
1 0.943896022824207 0.2212209996464414 0.9435459999999999 0.151157 0.8664019771757928 0.15235200035355864 0.866752 0.22241600000000003
1 0.8725870000000002 0.4957140000000002 0.7947396683849599 0.49462099534400517 0.7944270000000001 0.5636720000000002 0.8722743316150404 0.5647650046559952
1 0.2361540000000001 0.760851 0.1599857376328442 0.7605349989115111 0.15989700000000004 0.8268570000000001 0.23606526236715594 0.827173001088489
1 0.23628032578858343 0.47994501597891903 0.16047431075821872 0.47622696619482957 0.15946198496963537 0.5402259502159107 0.23526800000000006 0.5439440000000001
1 0.2358856371368379 0.536582227966563 0.16176718149489527 0.5304271901285729 0.16005769913056664 0.5942571500714687 0.23417615477250928 0.6004121879094588
1 0.16758302361109156 0.8780418963735385 0.08919732150549863 0.872841994792881 0.08781429789440713 0.9374870984193427 0.16620000000000007 0.9426870000000002
1 0.1646101837800301 0.6041889906921525 0.16338599983468644 0.5292409898790377 0.0830054 0.533312 0.08422958394534363 0.6082600008131149
1 0.6329259999999999 0.33130600000000004 0.5586557389522037 0.3263529825909556 0.557295 0.38962100000000016 0.6315652610477963 0.39457401740904463
1 0.16514900000000002 0.3631690000000001 0.08679943110685538 0.36172699873204156 0.08642089995630757 0.4255000073610808 0.16477046884945223 0.42694200862903925
1 0.4006703539389751 0.8826169947242143 0.400355 0.817017 0.32823564606102495 0.8180920052757858 0.328551 0.8836920000000001
1 0.4009368046198623 0.47338200465583097 0.3242038046306604 0.47293799886952015 0.324088 0.5349939999999999 0.40082099998920195 0.5354380057863107
0 0.23284500000000008 0.937025 0.16354666424007372 0.9367599987160324 0.16347000000000006 0.998923 0.23276833575992642 0.9991880012839677
1 0.23768500000000006 0.648921 0.16154150882662074 0.6458369801061331 0.16064000000000006 0.714853 0.23678349117337938 0.7179370198938668
0 0.4041783578326975 0.8260459997545729 0.40416500000000005 0.7656570000000001 0.3327226421673025 0.7657060002454272 0.332736 0.826095
0 0.541679 0.264888 0.5416479996763557 0.15507585355816872 0.514062000000247 0.1551000008753466 0.5140930003238914 0.2649121473171779
0 0.992962 0.38822200000000007 0.9929029996440253 0.2825133622141166 0.9653769999999999 0.28256099999999995 0.9654360003559747 0.38826963778588347
1 0.47145417810243956 0.535325990419197 0.470361 0.4723139999999999 0.39663482189756044 0.4762800095808028 0.397728 0.539292
0 0.16143766336749457 0.7737070247465093 0.09058740000000005 0.771064 0.08992873636334486 0.8258119976260744 0.1607789997308394 0.8284550223725838
0 0.461235 0.0012731500000001013 0.3934189689759252 -0.0023655571315822025 0.39245396897592527 0.0534013928684178 0.46027 0.05704010000000011
0 0.9393052757013864 0.22201701402463864 0.8769880000000001 0.21884700000000018 0.8761637242986136 0.26909098597536174 0.9384809999999999 0.2722610000000002
0 0.3971 0.9916709999999997 0.3970414660416725 0.937060998451095 0.3344574660416724 0.937268998451095 0.3345159999999999 0.9918789999999997
0 0.8643391731323744 0.39432300612149246 0.79581 0.39190000000000025 0.7952248268676257 0.443217993878508 0.863754 0.44564100000000023
0 0.698092 0.11200500000000012 0.6303919640687317 0.10827294289287161 0.6294390000000001 0.16187500000000016 0.6971390359312685 0.16560705710712867
0 0.23133129708403427 0.426578001609748 0.16359929534603126 0.4262109961818369 0.163506998261997 0.47902799457208883 0.231239 0.479395
0 0.39294400000000007 0.06420670000000006 0.32579982054051215 0.06368049859359617 0.32565500000000003 0.12098000000000007 0.39279917945948795 0.12150620140640396
0 0.1618940000000001 0.83051 0.09117788683524379 0.8267077591994784 0.09021388683524376 0.8823007591994785 0.1609300000000001 0.886103
0 0.14890200000000006 0.65511 0.08279762685205261 0.6533559980591052 0.08236639128576205 0.7037500183424562 0.1484707644337095 0.7055040202833511
0 0.39765800058106504 0.9381809999975296 0.397577 0.8791100000000001 0.33007699941893504 0.8793970000024706 0.33015800000000006 0.9384680000000001
0 0.22893169892093468 0.7120440211736389 0.1619799305760565 0.7101989999999998 0.16152516223117835 0.7613689788263608 0.22847693057605656 0.7632139999999998
0 0.398497 0.5954220000000001 0.3347849447069832 0.5899979952927342 0.33331400000000005 0.6435730000000001 0.3970260552930168 0.648997004707266
0 0.873767 0.2194830000000002 0.8045425429636978 0.21904299709499653 0.8044369979501317 0.27053099998697094 0.8736614549864338 0.27097100289197457
0 0.16133985512124333 0.31555406365458405 0.08600240000000003 0.309946 0.08454351966588212 0.3707149865760635 0.15988097478712546 0.37632305023064755
0 0.6308068104771116 0.6275330394507421 0.5640788112406534 0.6242849908119599 0.5632750000000001 0.675489 0.6300029992364583 0.6787370486387823
0 0.9329100000000001 0.387045 0.9328510000000001 0.33820799999999995 0.8646169995219724 0.33846360431462935 0.8646759995219724 0.3873006043146293
0 0.870328067235991 0.6180960003142291 0.8029270000000002 0.6177810000000001 0.8028449327640094 0.6722299996857715 0.8702460000000002 0.6725450000000003
0 0.6974850000000001 0.39410700000000015 0.6308050000000001 0.39404200000000017 0.6307884910182824 0.4465550004786474 0.6974684910182825 0.44662000047864736
0 0.6282080554252666 0.275876998215637 0.6276419999999999 0.22135799999999997 0.5540879445747332 0.22372600178436292 0.554654 0.27824499999999996
0 0.395431 9.219275533495275e-17 0.32277067472559867 -0.004377788735579037 0.321699 0.05077530000000008 0.3943593252744014 0.05515308873557921
0 0.39460500000000015 0.3168830000000002 0.32600522139173493 0.3141259687076637 0.32534598704526624 0.3649869994793482 0.39394576565353145 0.3677440307716846
0 0.9403331113876341 0.49913100542290983 0.8675180000000001 0.49558600000000025 0.866637888612366 0.5516399945770906 0.9394529999999999 0.5551850000000003
0 0.6334780000000001 0.5664860000000003 0.5662130000000001 0.5635500000000002 0.5654123842491565 0.6204250167718062 0.6326773842491564 0.6233610167718062
0 0.709122325305774 0.559103996998565 0.7089649999999998 0.506232 0.6397076746942258 0.5068710030014351 0.639865 0.559743
0 0.6308060967138523 0.2788240013276024 0.5668449999999998 0.2779460000000002 0.5666139032861476 0.33014699867239805 0.630575 0.3310250000000002
0 0.7017040000000001 0.6200570000000001 0.6350549920162204 0.6178237388002273 0.6344839920162205 0.6706627388002276 0.7011330000000001 0.6728960000000003
0 0.15895600000000004 0.946275 0.09007644469263787 0.9370179925670156 0.08758840000000005 0.994422 0.15646795530736224 1.0036790074329844
1 0.9444830000000001 0.3818010000000003 0.8682338611152974 0.38015099699458693 0.8677750000000002 0.4459010000000002 0.9440241388847027 0.44755100300541356
0 0.22055139861105774 0.20343001717430761 0.157583 0.20071700000000003 0.15686060138894226 0.25270598282569245 0.21982900000000002 0.25541900000000006
0 0.8709423547943599 0.1075210027691846 0.8049583548140061 0.10700599496429723 0.8048260000000002 0.1595870000000002 0.8708099999803539 0.16010200780488756
0 0.935874 0.2752370000000002 0.872069530647085 0.2703709642048888 0.870745 0.32422300000000015 0.9345494693529149 0.32908903579511156
1 0.8700100000000002 0.5517700000000001 0.7944158837064083 0.5487919954186534 0.793501 0.6208020000000002 0.8690951162935918 0.6237800045813469
0 0.9402624074523319 0.4452630183087935 0.8729199999999999 0.4422370000000002 0.872166592547668 0.4942259816912068 0.9395090000000001 0.4972520000000002
0 0.6295369999999999 0.16561300000000007 0.6287820822268443 0.11074099649226508 0.553347 0.113959 0.5541019177731556 0.16883100350773494
0 0.8679520502271596 0.16641800172304336 0.801023 0.16412200000000016 0.8004509497728405 0.21582799827695698 0.86738 0.2181240000000002
0 0.46472299999999994 0.36887899999999996 0.4646340787253587 0.311069999624518 0.39083199999999996 0.3114219999999999 0.3909209212746412 0.36923100037548195
0 0.8673929151059155 0.2745690376616603 0.8016899156518679 0.2718649965286089 0.80106 0.3193240000000001 0.8667629994540477 0.3220280411330515
0 0.7008540000000001 0.2808510000000002 0.6305859982782901 0.28025963434541484 0.6304379982782902 0.33478863434541484 0.7007060000000002 0.3353800000000001
0 0.15666482745597993 0.6001185423762491 0.08063482752872392 0.5980335341511958 0.08013955241972257 0.654033534833794 0.15616955234697857 0.6561185430588473
0 0.22643357268524736 0.8849320447158159 0.16398457464758145 0.8800559667880733 0.16259700000000007 0.9351589999999999 0.22504599803766598 0.9400350779277424
0 0.16085300000000002 0.427375 0.09519550000000002 0.422683 0.09387215705805256 0.4801029826389427 0.15952965705805258 0.4847949826389427
0 0.22370012185605478 0.26240400452716 0.15780800000000003 0.259956 0.15716887814394523 0.3132979954728401 0.223061 0.3157460000000001
0 0.6995650027629535 0.33732489205562227 0.6357989999999999 0.3322640000000001 0.634469974455806 0.38418699797264383 0.6982359772187596 0.389247890028266
0 0.9447114795092809 0.15615698833629824 0.9442859999999998 0.10191899999999998 0.8751775204907188 0.10360001166370178 0.8756029999999999 0.157838
0 0.940108323034838 0.6729680090860202 0.8702813232899164 0.6710039809661361 0.869784 0.7258290000000003 0.9396109997449217 0.7277930281198843
0 0.7016725489418788 0.6782930199527101 0.6325885610850368 0.6757819840465025 0.6319540000000001 0.7299150000000001 0.7010379878568421 0.7324260359062076
0 0.154663 0.20154800000000006 0.08352210000000002 0.19692000000000004 0.08233277429673316 0.25360799832789976 0.15347367429673314 0.2582359983278998
0 0.47318200000000005 0.6492410000000001 0.40430800000000006 0.6489830000000001 0.4042401100536895 0.7051789966662871 0.4731141100536895 0.7054369966662871
0 0.9395476680662118 0.09452317697065886 0.9389779996169166 0.04328136554156075 0.870718 0.04563440000000001 0.8712876684492953 0.09687621142909812
0 0.225887 0.31601700000000005 0.15849400000000002 0.31550600000000006 0.15836482903249566 0.36832900628604764 0.2257578290324956 0.3688400062860477
0 0.395424 0.251424 0.39534466462365736 0.19619299703977947 0.3217026646236573 0.1965209970397794 0.321782 0.2517519999999999
0 0.3890550076087523 0.36929000000045137 0.321619 0.36928600000000006 0.32161799239124783 0.42195899999954867 0.3890540000000001 0.42196300000000003
0 0.696429014056987 0.05287180128688294 0.634092 0.04716500000000013 0.6325029859430128 0.10098519871311733 0.6948399999999998 0.10669200000000012
0 0.8693753331206594 0.6808010082490705 0.8073463413029838 0.6792649836886792 0.8069240000000002 0.7321490000000003 0.8689529918176758 0.7336850245603916
0 0.93921 0.5596800000000002 0.8690869911960508 0.5562259995663502 0.86816 0.6145810000000002 0.9382830088039492 0.6180350004336502
1 0.16317300000000004 0.257322 0.08621906112916576 0.2479539709209307 0.08343165902384282 0.3189520437059603 0.16038559789467707 0.32832007278502967
0 0.866522 0.05629040000000018 0.799471894156912 0.053674395870462244 0.798856 0.10262200000000016 0.865906105843088 0.1052380041295381
0 0.4709189999999999 0.47361999999999993 0.46934506179181107 0.4190889944698181 0.395309 0.42571499999999984 0.3968829382081889 0.48024600553018165
0 0.146668 0.12977399999999997 0.14554007707478678 0.08062689451523375 0.0819664770747868 0.08515089451523374 0.0830944 0.13429799999999997
0 0.463521829789988 0.2497440030244534 0.3957538297942724 0.2494969993796271 0.395693 0.30124600000000007 0.46346099999571566 0.30149300364482634
0 0.1544501654426428 0.014207900359407806 0.08342256544294724 0.014053599924928233 0.0833834 0.06995560000000002 0.1544109999996956 0.07010990043447961
0 0.4665833361501268 0.6398709892560077 0.46603400000000006 0.5865780000000002 0.39970466384987335 0.5886980107439925 0.4002540000000001 0.6419910000000001
0 0.6986909999999998 0.500081 0.6979810140245875 0.4456069994332194 0.6328539999999999 0.4482389999999999 0.6335639859754123 0.5027130005667805
0 0.39600005230525515 0.4799149960548347 0.394698 0.4263879999999999 0.32606094769474486 0.43156500394516517 0.32736300000000007 0.48509199999999997
0 0.7128790000000002 0.5593200000000003 0.6375028357306771 0.5555269917337942 0.6365060000000001 0.6169510000000002 0.711882164269323 0.6207440082662062
0 0.45748351403483084 0.19984603865828104 0.39339200000000013 0.1950260000000001 0.3921364617552007 0.24679195952099472 0.45622797579003144 0.2516119981792757
0 0.6242040000000001 0.05501440000000013 0.5581210000000001 0.05192660000000012 0.5573646136319422 0.10212022867261958 0.6234476136319423 0.10520802867261958
0 0.867653 0.3330210000000001 0.7960338982460361 0.3297259953185705 0.795202 0.3857930000000002 0.8668211017539638 0.38908800468142984
0 0.46123500000000006 0.127429 0.46091453045193026 0.07667638961422929 0.38997099810593033 0.07806540003708422 0.39029146765400013 0.12881801042285487
0 0.214005 0.12729 0.21306311818773238 0.07519999337358378 0.1467849963872997 0.07891600020255284 0.1477268781995673 0.131006006828969
0 0.627809 0.220287 0.6273554569773074 0.16806898769286116 0.5593684569773075 0.16989998769286116 0.559822 0.222118
0 0.39560300000000004 0.3100510000000001 0.39531112298388404 0.25676399791122756 0.3288960000000001 0.257892 0.32918787701611607 0.31117900208877247
0 0.6923812223105441 0.16535500223117183 0.632299 0.16475200000000015 0.6321377776894559 0.21456199776882845 0.69222 0.21516500000000013
0 0.45759146591123345 0.41956897879420196 0.456851 0.369124 0.3918385340887665 0.37208302120579795 0.39257899999999996 0.42252799999999996
0 0.22290768879892564 0.06535180990647219 0.22048799367380148 0.007989870029445545 0.15259300000000003 0.0168704 0.15501269512512417 0.07423233987702665
1 0.4727551203085223 0.75576600068942 0.3966700000000001 0.75533 0.3965498796914778 0.82032699931058 0.472635 0.820763
0 0.0002916685750456531 0.0008788873207934265 0.00027710294470856874 0.0008610927017511892 0.00025105279071554733 0.0009272100148780594 0.0002656184210526316 0.0009450046339202966
0 0.5205359348001596 0.6595941032390343 0.4942131365440132 0.6595941032390343 0.4942131365440132 0.7684161435405061 0.5205359348001596 0.7684161435405061
1 0.6321280205799635 0.6717862110760813 0.56806 0.6666040000000002 0.5664339739688065 0.7289369978944388 0.63050199454877 0.7341192089705199
1 0.00021456913813873283 0.0009087159129084841 0.00017077684210526319 0.0009079786839666358 0.00017057663619298558 0.0009448540678934376 0.00021436893222645523 0.0009455912968352861
0 0.16444379137332402 0.49040712865679903 0.09213230926213213 0.4876278910383154 0.09158059335003 0.5321382816624803 0.16389207546122192 0.5349175192809639
0 0.5408032564961951 0.9690057662056057 0.5197173723282734 0.9304084743474713 0.4786814365455286 0.9999210909570068 0.49976732071345037 1.0385183828151412