1 0.708053 0.40991500000000003 0.7075359045262446 0.34343097831878727 0.6323159045262444 0.34523397831878727 0.632833 0.41171800000000003
1 0.8810840238586881 0.9186750000746584 0.7973560000000002 0.9184130000000003 0.7972759761413122 0.9972259999253419 0.8810040000000001 0.9974880000000002
1 0.9739611162499586 0.695207026854028 0.9723729496995214 0.632629039880571 0.8984727831490843 0.6384090529071139 0.9000609496995216 0.700987039880571
1 0.8764241810371055 0.7500089870614727 0.8747569999999999 0.6781180000000001 0.7968768189628943 0.6836840129385277 0.7985439999999999 0.7555750000000002
1 0.9787452718080647 0.9922379809002907 0.9776798750413123 0.9240310000000003 0.9052424782745597 0.9275180190997099 0.9063078750413122 0.9957250000000004
1 0.6360912208851315 0.2991469901236936 0.635106 0.23124 0.5561567791148685 0.23477000987630642 0.557142 0.30267700000000003
1 0.8737012076213709 0.528702888955356 0.8725615505833467 0.4582778718511809 0.7936985513897512 0.4622109216828921 0.7948382084277755 0.5326359387870672
1 0.7107373923580494 0.6949159990266931 0.7106829999980031 0.627341997519345 0.6324769999999998 0.627536 0.6325313923600463 0.6951100015073479
1 0.4752193964938014 0.7587039793750903 0.474067 0.69043 0.39709360350619854 0.6944340206249098 0.39824599999999993 0.762708
1 0.9718483002178545 0.6444168593105618 0.970904782064613 0.5741558393692512 0.9002997820646129 0.5770778393692512 0.9012433002178546 0.6473388593105618
1 0.6373610000000001 0.6923560000000001 0.564826 0.6872840000000001 0.5632846653664212 0.7552159766007926 0.6358196653664212 0.7602879766007926
1 0.4747083263009411 0.5272814629457584 0.3985324998347518 0.5240175877335309 0.3976208945207199 0.5895867176421214 0.4737967209869093 0.5928505928543489
1 0.9685430000000002 0.17729600000000023 0.8959400000000002 0.1771940000000002 0.8959100747136379 0.24283900010496542 0.9685130747136379 0.24294100010496547
1 0.00034418676059361203 0.0009322992443462549 0.00032087277486911 0.0008160772058823531 0.0002850740038554909 0.0008382084128138883 0.00030838798957999296 0.00095443045127779
0 0.8026290015077213 0.5515676910252377 0.773059 0.5511230000000001 0.7725429951206024 0.656866999926621 0.8021129966283238 0.6573116909518585
0 0.4715849999999999 0.81023 0.4698642048011046 0.7611149778865716 0.40421 0.7682039999999999 0.40593079519889536 0.8173190221134284
0 0.873812 0.681363 0.8719270024683085 0.6358759996847668 0.806851 0.644187 0.8087359975316916 0.6896740003152332
0 0.16444215453331198 0.4643469848786098 0.162916 0.416281 0.09683626927629442 0.4227470323619688 0.09836242380960639 0.47081301724057856
0 0.154131 0.35478 0.1534818953716375 0.30409896465878267 0.09212028679460788 0.3065209689444271 0.09276939142297033 0.35720200428564436
0 0.637969693127054 0.8770060112904607 0.5681676984982351 0.8758689950887879 0.5678860000000001 0.9291650000000001 0.637687994628819 0.930302016201673
0 0.8790994368008953 0.8766600260547657 0.8167509999999999 0.8729410000000001 0.8157815631991044 0.9230279739452345 0.8781299999999999 0.9267470000000001
0 0.639030218411768 0.6371570136499137 0.5725940000000002 0.6330050000000002 0.5715907815882322 0.6824759863500868 0.638027 0.6866280000000002
0 0.23332900000000006 0.9481150000000002 0.169866962248089 0.9406499955592634 0.16788200000000011 0.9926550000000002 0.23134403775191117 1.0001200044407368
1 0.9779824559756821 0.8725216147586775 0.9038851752591667 0.8670095938764631 0.9022228945426513 0.935875572994249 0.9763201752591667 0.9413875938764631
0 0.16763100000000003 0.758116 0.16752576001511355 0.7116579946941937 0.10363976001511353 0.7121039946941936 0.10374500000000002 0.758562
0 0.6356730533851869 0.8025549999481595 0.635657 0.751607 0.5697499466148132 0.7516710000518404 0.5697659999999999 0.8026189999999999
0 0.16307700000000006 0.29211 0.16287303203194559 0.23834500079465043 0.09555933203194555 0.23913200079465047 0.0957633 0.292897
0 0.9705371468410291 0.3422509853122671 0.968812 0.2890980000000001 0.895999853158971 0.296381014687733 0.8977250000000001 0.349534
0 0.23160145147411967 0.8147449917654794 0.23131399989206675 0.7661749817627825 0.16919399999999998 0.7673079999999999 0.1694814515820529 0.8158780100026968
0 0.635545 0.23071500000000006 0.6343711104876247 0.1774719924926403 0.561815 0.18240199999999995 0.5629888895123752 0.23564500750735973
0 0.8750819999999999 0.39826300000000003 0.8726992307530107 0.3485369659235391 0.805687 0.358433 0.8080697692469891 0.40815903407646087
0 0.703521 0.515008 0.702859 0.4661969999999999 0.6339229911257177 0.46907834567584833 0.6345849911257176 0.5178893456758483
0 0.23456399999999997 0.758242 0.23404615196831338 0.7100369949687929 0.17058499999999996 0.712138 0.17110284803168657 0.7603430050312071
0 0.636901 0.40811000000000003 0.6362324116643009 0.3545029841769823 0.5619024116643009 0.35735998417698245 0.562571 0.4109670000000001
0 0.16800200612500213 0.8144079999962477 0.16799199999999997 0.764073 0.10433299387499785 0.7641120000037523 0.10434299999999999 0.814447
0 0.7012160000000001 0.2954760000000001 0.6350303078222496 0.2922009657493069 0.6342339839565458 0.3417969992061297 0.7004196761342963 0.34507203345682297
0 0.702834521630586 0.23145496534301938 0.7017499999999999 0.181149 0.6350719799026177 0.18557906777496597 0.6361565015332038 0.2358850331179853
0 0.4676034871654923 0.2958519712230669 0.4666079988690704 0.24391494099666566 0.397672 0.247987 0.39866748829642196 0.29992403022640124
0 0.9696521261355429 0.7990639140729436 0.9683639981143985 0.7470369238412884 0.8981948719788555 0.7523910097683447 0.8994829999999998 0.8044180000000001
0 0.39949425570152447 0.4069999870941538 0.39861899999999995 0.35355699999999995 0.32673774429847546 0.3571850129058462 0.327613 0.41062800000000005
1 0.7104970554531465 0.5787699986021579 0.7099650000000001 0.513722 0.6348289445468536 0.515616001397842 0.635361 0.580664
0 0.4620540132118775 0.39899499878288724 0.46064399999999994 0.351825 0.39846598678812245 0.3575530012171127 0.399876 0.404723
1 0.161643 0.42079099999999997 0.1601615082849221 0.3507889668483809 0.08967949958646877 0.3553859804602181 0.0911609913015467 0.4253880136118372
0 0.400035 0.6901810000000002 0.39929557510594876 0.6446299712291508 0.33642957510594884 0.6477749712291507 0.337169 0.6933260000000001
0 0.4024613830228615 0.5274860023094726 0.33015038499113214 0.5270499962917456 0.33004600000000006 0.580403 0.4023569980317295 0.580839006017727
0 0.635035 0.5735219999999999 0.6338971263382184 0.5230659912193867 0.567164 0.5277039999999998 0.5683018736617816 0.5781600087806131
0 0.872108 0.8043960000000001 0.8720350866687246 0.7538649996145923 0.807046 0.7541539999999999 0.8071189133312754 0.8046850003854077
0 0.2230590439211224 0.3535989955259414 0.221394 0.30322499999999997 0.15948895607887753 0.3095310044740586 0.16115399999999994 0.359905
0 0.708566 0.9249580000000001 0.7080260362697659 0.8709369988827363 0.6395290000000001 0.8730470000000001 0.6400689637302341 0.9270680011172638
0 0.47360971356519954 0.9316699495864167 0.472395 0.878683 0.40053328643480046 0.8837600504135834 0.40174799999999994 0.936747
0 0.707641307349852 0.17901598527401616 0.7067699999999999 0.12297199999999998 0.6355986926501478 0.12638201472598382 0.6364699999999999 0.182426
0 0.4682404150972456 0.5141849616044072 0.46669499723146457 0.4626949077582574 0.3965409999999999 0.46918400000000005 0.3980864178657809 0.5206740538461498
0 0.2303250749882158 0.5849859986000381 0.23003 0.536276 0.16189592501178424 0.537548001399962 0.16219100000000003 0.586258
0 0.2370053720731345 0.4723259983628003 0.23692300000000002 0.414634 0.16056262792686551 0.4149700016371997 0.160645 0.472662
0 0.40677500000000005 0.9410310000000002 0.34120194049375996 0.9396419987395093 0.34083500000000005 0.9930280000000001 0.4064080595062402 0.9944170012604912
0 0.9670369999999999 0.509107 0.965476215446705 0.45905297929607003 0.895620215446705 0.46576597929606994 0.8971809999999999 0.51582
0 0.168347 0.9990820000000004 0.167787 0.9447009999999999 0.09092178332801255 0.9471403810011618 0.09148178332801259 1.0015213810011623
0 0.638310007136653 0.5200206672945139 0.6376969964455144 0.4627026676468927 0.5625349893088614 0.46518000035237894 0.5631480000000001 0.5224980000000001
0 0.39960100000000004 0.352473 0.39847499586357604 0.3017039319309662 0.334818 0.306055 0.335944004136424 0.35682406806903383
0 0.8758191438185235 0.22168298034713238 0.873346 0.16590700000000003 0.8015568561814765 0.17571701965286765 0.8040300000000001 0.231493
0 0.16201164748674599 0.5828629666198171 0.16113299948300827 0.5303379690945759 0.09551115199626224 0.533721002474759 0.0963898 0.586246
0 0.40380400000000005 0.7504980000000001 0.4013130738172032 0.6937779900094112 0.32877100000000004 0.703596 0.3312619261827969 0.7603160099905889
0 0.8745150493097809 0.2767871191185159 0.8720899995630961 0.22174899008416923 0.802843 0.23115200000000002 0.8052680497466848 0.2861901290343467
0 0.40413799999999994 0.4094950000000001 0.3260407703414738 0.4086259974445465 0.32583500000000004 0.46561700000000006 0.4039322296585262 0.4664860025554537
0 0.704132 0.28968600000000005 0.7041166423338369 0.237342999419187 0.6333376423338369 0.23740699941918694 0.633353 0.28975
0 0.8835557128899759 0.518791010834537 0.8076897129649194 0.5176379956376269 0.807407 0.5749660000000002 0.8832729999250565 0.5761190151969103
0 0.8773659999999999 0.336245 0.8753321227956291 0.2838069853218832 0.806397 0.29204699999999995 0.8084308772043708 0.34448501467811676
0 0.6340867774859242 0.4649319791682673 0.6336249997671073 0.41181797321252966 0.565511 0.413643 0.5659727777188169 0.46675700595573766
0 0.23334700000000003 0.478109 0.163933 0.47735399999999995 0.16374042621185572 0.5319180046358075 0.23315442621185575 0.5326730046358076
0 0.23344999999999996 0.12954100000000002 0.2306728291780703 0.07454677095468952 0.1647538291780703 0.08480577095468952 0.16753099999999999 0.13980000000000004
0 0.9611359999999999 0.286993 0.9593234210965993 0.23376895580432933 0.89196 0.240839 0.8937725789034004 0.29406304419567064
0 0.9654030271559262 0.4529269980461895 0.9641229999999998 0.398098 0.8935579728440736 0.40317500195381045 0.8948379999999999 0.458004
0 0.4771851473380383 0.988958988420247 0.4758240000000001 0.9355850000000001 0.4079298526619618 0.9409210115797534 0.40929100000000007 0.9942950000000004
0 0.22695599999999996 0.406233 0.2256359950352709 0.35340680131304675 0.15706899999999996 0.358687 0.15838900496472902 0.41151319868695324
0 0.9693480000000001 0.5716560000000002 0.9685561099953636 0.517198995070596 0.899226 0.5203060000000002 0.9000178900046365 0.5747630049294044
0 0.464181 0.455517 0.4628172939201875 0.4058939751070766 0.397534 0.4114229999999999 0.39889770607981256 0.46104602489292335
0 0.7142440000000001 0.6914510000000003 0.6341799069673685 0.6908369992865455 0.6340370000000001 0.7482660000000002 0.7141010930326317 0.748880000713455
0 0.7111953642994936 0.9877859855554973 0.710501 0.933816 0.6435146357005064 0.9364720144445027 0.644209 0.9904420000000002
0 0.46603200000000006 0.5838760000000001 0.400612 0.581459 0.4000094444727915 0.6317210164214421 0.46542944447279155 0.6341380164214422
0 0.4001985760960486 0.8158909710974799 0.3993489829180766 0.7637019506873731 0.33096 0.7671329999999998 0.33180959317797204 0.8193220204101065
0 0.164687 0.699148 0.16324679620987906 0.6493829289873324 0.0999535984553172 0.6550279466247411 0.10139380224543812 0.7047930176374086
0 0.40080900000000014 0.8891040000000001 0.3355964685745295 0.8875349872139091 0.3352049921944249 0.937678999812198 0.4004175236198955 0.9392480125982889
0 0.6341032549291237 0.17171599777574134 0.6339519999752992 0.11828999127520745 0.5690800000000001 0.11885600000000002 0.5692312549538247 0.1722820065005339
0 0.395956 0.18257300000000007 0.32067 0.17913600000000005 0.31977452696008185 0.2395859784045082 0.3950605269600818 0.2430229784045082
0 0.4687553578005618 0.6421700142546704 0.40013000000000004 0.6394360000000002 0.3994626421994384 0.69105998574533 0.4680880000000001 0.6937940000000001
0 0.16528799999999993 0.5271430000000001 0.16429916613639856 0.47389799049136544 0.0972060661363986 0.4777379904913652 0.09819489999999999 0.530983
0 0.4684071429994865 0.16680297234165387 0.465415 0.11912699999999997 0.40196085700051354 0.13140002765834619 0.404953 0.17907600000000007
0 0.9719601523402226 0.7419209863775674 0.97047 0.6905639999999998 0.9047918476597774 0.6964370136224325 0.9062819999999999 0.747794
0 0.08007010000000002 0.7654230000000001 0.07784350000000001 0.6488870000000001 0.04524259320024097 0.650806644113573 0.047469193200240976 0.767342644113573
0 0.702903279802862 0.46290897814861337 0.7015229999999999 0.40843999999999997 0.6323127201971378 0.4138450218513866 0.633693 0.46831400000000006
0 0.23315900000000006 0.8926850000000001 0.16863674670832932 0.8859319734899934 0.16692800000000005 0.9362470000000002 0.2314502532916708 0.9430000265100067
0 0.5272500477985643 0.5688275116430541 0.5226969306312772 0.5200902574667097 0.45501 0.5395780000000002 0.4595631171672871 0.5883152541763447
0 0.880501 0.159794 0.8792186154854311 0.10657195429608297 0.8041809759480468 0.11214400178601874 0.8054633604626158 0.16536604748993575
0 0.635601 0.34808400000000006 0.6352346930076171 0.2957629850474246 0.5608469929999128 0.29736800015103637 0.5612132999922956 0.34968901510361183
0 0.46703600000000006 0.35039800000000004 0.46629878842382805 0.29876396530836496 0.40236800000000006 0.301577 0.4031052115761721 0.35321103469163506
0 0.234879 0.6976880000000001 0.2340551362350205 0.6461039932943939 0.16288600000000003 0.649607 0.16370986376497954 0.7011910067056061
0 0.7180759999999999 0.802488 0.7162118455648795 0.7453199150263793 0.6424258455648794 0.7527349150263793 0.6442899999999999 0.809903
0 0.39793865672910156 0.3028499762931819 0.39730599957734936 0.24883796391693558 0.328022 0.2513389999999999 0.3286546571517522 0.3053510123762462
0 0.1616700000000001 0.8890020000000001 0.09538200000000009 0.8868090000000001 0.094836381161824 0.9376360126099428 0.16112438116182398 0.9398290126099428
0 0.158637 0.06401050000000001 0.09550448639937002 0.058873398893314936 0.0940646 0.11340800000000001 0.15719711360062996 0.11854510110668508
0 0.9700616294498474 0.39827897211637203 0.9692919999999998 0.3447359999999999 0.8976183705501523 0.3479110278836279 0.8983879999999999 0.401454
0 0.40158164635543997 0.637796906955204 0.399038 0.5833409999999999 0.32212335364455996 0.594413093044796 0.32466699999999993 0.648869
1 0.8718292638529669 0.4679134189940702 0.8711175897245778 0.40149444125485917 0.7947729263073201 0.4040154631619495 0.7954846004357092 0.4704344409011605
0 0.5276050104761785 0.9135252822121337 0.5238349735115159 0.8119662864409898 0.49303396303533736 0.8154900042288563 0.49680399999999997 0.9170490000000002
0 0.164146 0.16127000000000005 0.0917207 0.15209100000000006 0.08900396012202287 0.21815303296720967 0.16142926012202286 0.22733203296720966
1 0.401826 0.46384500000000006 0.32606889185141075 0.4625859982026866 0.3256879999999999 0.5332190000000001 0.4014451081485892 0.5344780017973135
1 0.23693579255166453 0.3131968340921976 0.2369357925516645 0.24644409661412486 0.16274501375844905 0.24644409661412492 0.1627450137584491 0.3131968340921977
0 0.48367135131194455 0.22860193049870906 0.47947399999999996 0.163216 0.3901106486880554 0.18089506950129097 0.39430799999999994 0.24628100000000006
1 0.23863052382715882 0.24965197698673205 0.237484 0.16922500000000001 0.16327947617284122 0.172485023013268 0.16442600000000002 0.252912
0 0.399861 0.11610000000000008 0.3198432440536766 0.11265996750121415 0.3189059860585849 0.17984799940064658 0.39892374200490827 0.18328803189943252
1 0.000342861436466224 0.00093593095111987 0.0003425287958115184 0.0009008253676470589 0.00029194484625628915 0.0009023025047624831 0.0002922774869109948 0.0009374080882352941
1 0.6430954637924542 0.9324419927345993 0.5616436089921591 0.9299775180821022 0.5609945932298442 0.9960835076667041 0.6424464480301393 0.998547982319201
1 0.8736994818747683 0.6390031374127334 0.8731927716583456 0.5752823328848775 0.7998433419708827 0.5770798957822769 0.8003500521873054 0.6408007003101329