1 0.7035254463298081 0.41738553368298414 0.7028615589476446 0.3501935302430022 0.6290374463298081 0.3524485336829841 0.6297013337119716 0.41964053712296606
1 0.9719539538065712 0.9960029986862532 0.9719229999993865 0.9265269986226283 0.8993200000000001 0.926627 0.8993509538071849 0.996103000063625
1 0.8736860000000001 0.9965949999999999 0.8731092331611795 0.9205609945320968 0.7931130000000001 0.9224369999999998 0.7936897668388206 0.9984710054679029
1 0.9640797913070094 0.6922839114014228 0.961921959890879 0.6327028925259537 0.890211 0.640732 0.8923688314161303 0.700313018875469
1 0.8664251029253315 0.5270016753233618 0.866129098650896 0.4577556753798496 0.788821097132113 0.45877732008208866 0.7891171014065483 0.5280233200256008
1 0.9624220284074302 0.6426529986595074 0.9614019999999999 0.575826 0.8927829715925697 0.5790640013404925 0.893803 0.645891
1 0.4730238000845647 0.7607189857817513 0.47261699989785805 0.689949982230883 0.39535499999999996 0.691323 0.39576180018670665 0.7620920035508684
1 0.8708779999999999 0.754651 0.8700660011544951 0.6835039646758388 0.7941379995974733 0.6861829647307759 0.7949499984429781 0.757330000054937
1 0.970657 0.8697480000000001 0.8997951927756113 0.8680769809645369 0.8992579923736116 0.9385039998201594 0.9701197995980003 0.9401750188556225
1 0.7061019999999999 0.6984515604444247 0.7059479999999999 0.6325675604444247 0.6291639996734406 0.6331224207364129 0.6293179996734406 0.6990064207364128
1 0.6325733469779056 0.3059439184765246 0.6317282321145532 0.23917188384244892 0.5527822326095465 0.24226092295158774 0.553627347472899 0.3090329575856634
1 0.7057924190044528 0.5816005690766649 0.7045460000000001 0.5198525952242832 0.6302075809955471 0.5244916213719016 0.6314539999999998 0.5862395952242834
1 0.6355460341103569 0.6919160024596328 0.561019 0.6865420000000001 0.5593799658896433 0.7568129975403673 0.6339070000000002 0.7621870000000001
1 0.6357918351704717 0.9965099999999998 0.635579805261261 0.9296516495090115 0.5582358727523387 0.9304099474362453 0.5584479026615493 0.9972682979272337
1 0.15889047221095573 0.4256709803312187 0.15795199977564958 0.3560159833483325 0.08779972756469384 0.3589380030171138 0.0887382 0.428593
0 0.22930058976038337 0.9473870574441932 0.16662159281979708 0.9412819603395906 0.16498200000000007 0.993322 0.22766099694058634 0.9994270971046025
0 0.864717 0.6850430000000001 0.8629576113148009 0.6418219230686646 0.800729959500739 0.6496530050966576 0.8024893481859381 0.692874082027993
0 0.631473 0.6399530000000002 0.566384 0.6357970000000002 0.5653481390941192 0.6859510088813036 0.630437139094119 0.6901070088813036
0 0.16105221362274566 0.46921397291236855 0.15901499948260517 0.41954498738548124 0.08929938585985953 0.4283850144731128 0.09133660000000002 0.4780540000000001
0 0.634218 0.8781840000000001 0.5661169403247543 0.8768509988319247 0.565783999876084 0.929436019571443 0.6338850595513296 0.9307690207395182
0 0.23316256375936742 0.7587619821072962 0.23266299999999995 0.7101009999999999 0.16583443624063257 0.7122220178927037 0.166334 0.760883
0 0.868378 0.400557 0.866242 0.3528720000000001 0.8013599979349849 0.36185695389970185 0.8034959979349849 0.4095419538997018
0 0.6317840000000001 0.802349 0.631684 0.752914 0.5663029997445035 0.7533228736953288 0.5664029997445036 0.8027578736953287
0 0.8712570688778629 0.8782790026021189 0.808788 0.8759190000000001 0.808175931122137 0.9260059973978815 0.870645 0.9283660000000002
0 0.163089 0.75863 0.16291925430651383 0.7123579971159014 0.100579 0.713065 0.10074874569348616 0.7593370028840986
0 0.6997930000000001 0.18094100000000002 0.6981971497851306 0.12769498612139304 0.6275060000000001 0.13424500000000003 0.6291018502148696 0.187491013878607
0 0.153561 0.35691199999999995 0.15318806727982354 0.3055429984899673 0.0903206672798235 0.3069539984899673 0.0906936 0.35832299999999995
0 0.163896 0.9996989999999999 0.16372499982637667 0.9471859466813893 0.0901131 0.947927 0.09028410017362329 1.0004400533186106
0 0.8658010000000002 0.7593860000000001 0.80093 0.7582680000000002 0.8006685201152991 0.8051730089637729 0.8655395201152991 0.8062910089637728
0 0.16457171575131113 0.8140249961630205 0.1644869999907044 0.7651699946392778 0.10199500000000002 0.765505 0.10207971576060673 0.8143600015237427
0 0.9597085897416103 0.5117439138094894 0.9573409461883177 0.46166086171493936 0.886399 0.472029 0.8887666435532927 0.5221120520945499
0 0.16190700000000002 0.24033100000000004 0.09402970000000002 0.23962300000000009 0.09384585097114563 0.2941140015747175 0.16172315097114565 0.2948220015747175
0 0.22881000000000007 0.8157260000000001 0.2286995926773994 0.7654619959753204 0.16714400000000001 0.76588 0.1672544073226007 0.8161440040246797
1 0.23707831776506827 0.25384198167837974 0.23557599999999998 0.17328999999999997 0.16099768223493174 0.17759001832162022 0.1625 0.258142
0 0.3966460000000001 0.40964300000000003 0.39623706986415036 0.35710699831880294 0.3237630698641503 0.35885099831880296 0.32417200000000007 0.41138700000000006
0 0.469835 0.930542 0.46846858712429257 0.8789139519605044 0.3982915871242925 0.8846559519605045 0.39965799999999996 0.9362840000000001
0 0.468416 0.811262 0.4672454200386622 0.7604339700939383 0.4020889999999999 0.765073 0.4032595799613377 0.8159010299060616
0 0.629306464424253 0.23361598157290003 0.6286320000000001 0.18106399999999997 0.5589695355757471 0.18382801842709992 0.559644 0.23638
0 0.4637013381922664 0.16921693717347536 0.460957 0.12354699999999998 0.39716866180773364 0.13539706282652467 0.399913 0.181067
0 0.39610910410171424 0.3548649940413824 0.3951899989413725 0.30522294282217427 0.331805 0.30885099999999993 0.33272410516034173 0.35849305121920805
0 0.960316 0.574751 0.9591276899057936 0.5203779533868923 0.8896976899057936 0.5250689533868924 0.890886 0.579442
0 0.39752799999999994 0.5829549999999999 0.3969699170227577 0.5319899689559235 0.3227069890537462 0.5345040003705649 0.3232650720309884 0.5854690314146412
0 0.8707030000000001 0.343043 0.8684183251568766 0.29123995566627636 0.800209 0.30054 0.8024936748431235 0.3523430443337236
0 0.057741200000000034 0.595428 0.03047170082425547 0.5915019823005864 0.02554370000000002 0.697322 0.052813199175744584 0.7012480176994136
0 0.6310371803140613 0.4096279925197825 0.630324 0.35648 0.5583208196859387 0.35946700748021754 0.559034 0.412615
0 0.40163788985227694 0.9439700359367816 0.33547389037955694 0.9412979955729663 0.3347800000000001 0.9944160000000001 0.40094399947272014 0.9970880403638153
0 0.873631 0.5220740000000001 0.8005019376699266 0.5212889993309207 0.8002999999999999 0.5794470000000002 0.8734290623300733 0.5802320006690797
0 0.2208113456122107 0.355610968826187 0.2193679709003821 0.3061400026247512 0.1563956252881714 0.31182003379856427 0.157839 0.36129100000000003
0 0.45860015570602625 0.400634987411172 0.45733799999999997 0.352373 0.3948888442939738 0.357422012588828 0.39615100000000003 0.405684
0 0.4625962506363774 0.299005992382937 0.4620809997013346 0.2465919696181849 0.396205 0.248594 0.39672025093504276 0.30100802276475214
0 0.630558 0.575371 0.6297470598761044 0.5248269970300795 0.5628129999999999 0.5281469999999999 0.5636239401238954 0.5786910029699205
0 0.9620129999999999 0.801212 0.9603930270305333 0.7484129974360545 0.891023 0.7549929999999999 0.8926429729694666 0.8077920025639456
0 0.2267681411416157 0.5870239995914005 0.22672200000000006 0.5377499999999998 0.15970885885838434 0.5379440004085992 0.159755 0.5872179999999999
0 0.157728 0.586967 0.15681801162907874 0.536453993782982 0.09022130000000002 0.540163 0.09113128837092128 0.5906760062170179
0 0.6981518478137712 0.2436220006410295 0.6254088478139561 0.2435669998849328 0.6253960000000001 0.2960990000000002 0.698138999999815 0.29615400075609694
0 0.699569 0.5177339999999999 0.6985782159784503 0.4656809872908737 0.630993 0.4696579999999999 0.6319837840215499 0.5217110127091262
0 0.4733054049828289 0.9902069708793536 0.4720669767797699 0.9369620016696709 0.4051735717969409 0.9417720307903177 0.406412 0.9950170000000003
0 0.6310786011011852 0.5215599744271369 0.630348 0.4684690000000001 0.5567753988988147 0.4715990255728633 0.557506 0.5246900000000001
0 0.7115033699857468 0.8035309542731931 0.7093380000000001 0.7493659999999998 0.6341216300142534 0.7586620457268067 0.636287 0.812827
0 0.7047600018000819 0.8708781991538069 0.634936 0.870393 0.6348129977523101 0.9251159999843811 0.704636999552392 0.9256011991381881
0 0.697372181741484 0.23643399036074028 0.6964449990908991 0.1823899470099151 0.631095 0.18585600000000002 0.6320221826505849 0.23990004335082518
0 0.396206 0.694662 0.3953178370646148 0.6477469510095302 0.3299628370646148 0.6515719510095302 0.330851 0.698487
0 0.46363 0.351464 0.4632431341794811 0.3015649967839207 0.39748999999999995 0.303141 0.3978768658205188 0.35304000321607937
0 0.45993615106828317 0.46062097836189053 0.457598 0.410155 0.39466584893171686 0.4191690216381095 0.39700399999999997 0.469635
0 0.22837900000000003 0.891916 0.16617178015512254 0.8864589807144936 0.16475 0.936565 0.22695721984487752 0.9420220192855064
0 0.23476543848887077 0.47398699554202595 0.23457800000000004 0.4169900000000001 0.15874099674497477 0.4177610101997683 0.15892843523384548 0.47475800574179416
0 0.6304875632162454 0.46527196801054405 0.6295449989575908 0.4139679432613848 0.558661 0.417994 0.5596035642586545 0.4692980247491592
0 0.390668 0.18471800000000005 0.318365 0.18206100000000006 0.3176556104473238 0.24174002243279727 0.38995861044732383 0.24439702243279726
0 0.7066350000000001 0.6905590000000001 0.6307823958804314 0.6900649960655612 0.6306619978934012 0.7472169999862807 0.7065146020129699 0.7477110039207195
0 0.46333751723521593 0.5167059552767409 0.46185 0.46352100000000007 0.394574482764784 0.469338044723259 0.396062 0.522523
0 0.23127399999999998 0.13300400000000004 0.22899242249114693 0.07657314719094745 0.1613089959771916 0.0850332005028287 0.16359057348604467 0.1414640533118813
0 0.40004700865006293 0.75317818857402 0.3974329630756089 0.6961911950369735 0.3231099544255459 0.7067310064629535 0.325724 0.763718
0 0.397948 0.818164 0.39751814364487814 0.7633839965153144 0.327812 0.7650750000000001 0.3282418563551219 0.8198550034846857
0 0.697213 0.46547799999999995 0.6962487401166992 0.4123879584421198 0.628448 0.416195 0.6294122598833007 0.46928504155788014
0 0.23083760310462884 0.478814003595951 0.16073060118752006 0.4783959976221204 0.1606259980828912 0.5326329940261696 0.230733 0.5330510000000002
0 0.16105999999999995 0.700351 0.15971599999999997 0.6511559999999998 0.09657509653161504 0.6564888730452397 0.09791909653161504 0.7056838730452397
0 0.7048362273255661 0.9361910047858725 0.637387 0.934771 0.6370357726744341 0.9863469952141279 0.7044850000000001 0.9877670000000004
0 0.8683130000000002 0.27920599999999995 0.8658885571606092 0.22742391935359618 0.7946939534950513 0.23772900673137484 0.7971183963344424 0.28951108737777864
0 0.961897 0.4007550000000001 0.9604417560563716 0.34747893615454345 0.8880517560563715 0.35359193615454343 0.8895069999999999 0.40686800000000006
0 0.9576864913929988 0.4561899657617153 0.9565259999999999 0.4046990000000001 0.886099508607001 0.4096060342382848 0.8872599999999999 0.46109700000000003
0 0.696450173267282 0.296542011518487 0.6317369999999998 0.29224000000000006 0.6305948267327178 0.34535598848151317 0.6953079999999999 0.34965800000000014
0 0.397963 0.889205 0.3335080000000001 0.886146 0.3326783281383348 0.9401910155732708 0.39713332813833474 0.9432500155732709
0 0.8081249999999999 0.4448490000000002 0.7651689999999999 0.3721160000000002 0.7421552990850963 0.4141355064101946 0.7851112990850961 0.48686850641019463
0 0.3934362085171387 0.3042319952248218 0.393043 0.25115 0.32514079148286135 0.25270500477517815 0.325534 0.305787
0 0.0774157021632829 0.8515355724346183 0.07696379838877306 0.7319555736470306 0.04833899622549016 0.7322900012124123 0.0487909 0.85187
0 0.16067358224246114 0.1628820310190019 0.0865857655759649 0.1589349981660575 0.08549118333350374 0.2224529671470556 0.159579 0.2264
0 0.6311549999999999 0.35118499999999997 0.629700113741754 0.29467499094693295 0.5563520000000001 0.3005129999999999 0.5578068862582459 0.35702300905306694
0 0.22544799999999998 0.40826000000000007 0.22379799999999997 0.35325700000000004 0.15460799160505578 0.35967372015326204 0.1562579916050558 0.41467672015326207
0 0.9570980000000001 0.288047 0.9564610845829891 0.23488299686729672 0.885451 0.23751300000000003 0.886087915417011 0.2906770031327033
0 0.16144012597346172 0.529372956242771 0.160785999560558 0.47733596504155845 0.09454997358709631 0.47991000879878754 0.09520409999999999 0.5319470000000001
0 0.159185 0.9384239999999999 0.15911954484860763 0.8869500002168125 0.0937455448486076 0.8872070002168124 0.09381099999999998 0.9386809999999999
0 0.9627380000000001 0.34687100000000004 0.961427139666881 0.28958499011962485 0.8923029999999998 0.29447499999999993 0.893613860333119 0.3517610098803751
0 0.9636770000000001 0.7406960000000001 0.9626441703966857 0.6888019895155723 0.895473 0.692935 0.8965058296033144 0.7448290104844278
0 0.46686800000000006 0.6415410000000001 0.39728686786906886 0.6389609951007058 0.39664400000000016 0.6925610000000001 0.4662251321309313 0.6951410048992944
0 0.40229500000000007 0.41136400000000006 0.32359645029614803 0.40934298588335816 0.32311499169503444 0.4673029997867249 0.4018135413988864 0.4693240139033668
0 0.872007 0.222835 0.8694582033950371 0.1665539715235625 0.794011 0.17711699999999997 0.7965597966049629 0.23339802847643748
0 0.48062943237711003 0.58460198661347 0.4800579996900413 0.5275419690492845 0.40260300000000004 0.52994 0.40317443268706876 0.5870000175641854
0 0.231993 0.698498 0.23139807600926302 0.6481629972226536 0.160817 0.650742 0.16141192399073698 0.7010770027773464
0 0.46450600000000003 0.583821 0.40244091321143216 0.5803549951533203 0.401523 0.63117 0.46358808678856794 0.6346360048466798
0 0.871398 0.16535800000000003 0.869900420762064 0.11373596226334577 0.7924970000000001 0.12067799999999997 0.7939945792379363 0.17230003773665423
0 0.6291905477621498 0.17447097831205427 0.628546 0.12414399999999999 0.5666164522378504 0.12659602168794573 0.567261 0.17692300000000002
0 0.401028 0.6373929999999999 0.39957722815879604 0.5827449812744723 0.320208 0.5892589999999999 0.32165877184120395 0.6439070187255275
0 0.5474696192940351 0.7023443247171275 0.5320539769697868 0.6586379347047983 0.471516 0.7246490000000001 0.4869316423242483 0.7683553900123292
0 0.15649721885810552 0.06408991246378128 0.08816402837338157 0.060198395920925574 0.08709180000000001 0.11840499999999998 0.15542499048472397 0.12229651654285568
1 0.9615491508561277 0.18023300139704823 0.889308150883868 0.17956399213650776 0.8891190000000002 0.2427080000000002 0.9613599999722598 0.24337700926054068
1 0.870312541015414 0.5758490210933761 0.795572 0.5729350000000001 0.7946774463793549 0.6438669784151653 0.8694179873947689 0.6467809995085413
1 0.8640631390368135 0.40317663967328776 0.7972049056568103 0.40306963929978473 0.7971701390368136 0.4702286396732877 0.8640283724168167 0.4703356400467907
0 0.48329300000000003 0.23086100000000007 0.47951816171597467 0.16391797180850748 0.39059900000000003 0.179419 0.3943738382840254 0.24636202819149258
1 0.399852 0.46575700000000003 0.32301973854113086 0.46417599461986586 0.32255 0.534749 0.3993822614588691 0.5363300053801342
0 0.3947774115720855 0.11459701326665303 0.312689411908065 0.11195098104338988 0.31197400000000003 0.1805650000000001 0.39406199966402056 0.18321103222326324
1 0.23489200000000002 0.308327 0.23419338628101483 0.24208998740460227 0.1586263862810148 0.2445539874046022 0.159325 0.310791
1 0.0003378099160436378 0.0009368421346340127 0.00033730053785578656 0.0008993649132321381 0.00028905204366264526 0.0009013922638922431 0.0002895614218504965 0.0009388694852941177