0 0.675586004303449 0.33714082074578255 0.6225610000000001 0.3353370000000001 0.6195209956965513 0.4619641792542178 0.6725460000000001 0.46376800000000024
0 0.990918 0.8279220000000003 0.9380720000000002 0.8269560000000004 0.9365035821230162 0.9485360106409351 0.989349582123016 0.949502010640935
0 0.060832406970243086 0.687076620712434 0.010809000000000074 0.6857740000000001 0.008585793029757083 0.806750379287566 0.05860920000000009 0.8080529999999999
0 0.7855320000000001 0.443379 0.7846620000000001 0.32660599999999995 0.7355459964213766 0.32712451967059014 0.7364159964213767 0.4438975196705902
0 0.912565 0.437979 0.9091159864935711 0.31397951441470257 0.8580800000000001 0.315991 0.861529013506429 0.4399904855852975
0 0.5654780044626538 0.4795659136357832 0.5647909995445133 0.3389159067485578 0.5079959999999999 0.339309 0.5086830049181404 0.4799590068872254
0 0.5678534100741193 0.968195997300277 0.5672399999694131 0.8361699934167014 0.513772 0.8365220000000001 0.5143854101047062 0.9685480038835756
0 0.11683700000000007 0.6834879999999999 0.05755490000000007 0.6830409999999999 0.05684355792132482 0.8167190049608707 0.11612565792132482 0.8171660049608707
0 0.9105240000000002 0.8316470000000002 0.8636710073106094 0.8310252194168931 0.8625780001242741 0.9477299867307664 0.909430992813665 0.9483517673138736
0 0.9848089999999999 0.4478069999999999 0.9743639542067354 0.31722142748554655 0.916709 0.32375599999999993 0.9271540457932644 0.45434157251445345
0 0.286264000248774 0.33774972820279636 0.23173000000000002 0.33767900000000006 0.23161299975122604 0.4655072717972037 0.2861470000000001 0.465578
0 0.4061100000000001 0.701031 0.34662798706059206 0.699197594849386 0.343992987060592 0.8203335948493862 0.40347500000000003 0.822167
0 0.564501 0.8169489999999999 0.5596799866960486 0.6782896173589292 0.5065329999999999 0.6809080000000001 0.5113540133039514 0.8195673826410708
0 0.055188107864881576 0.3172795168858728 0.05499540000000002 0.182103 -0.00019270786488155886 0.18221448311412725 0 0.31739100000000003
0 0.7408300000000001 0.82555 0.6872800000000001 0.824812 0.6859763547028566 0.9588500048883419 0.7395263547028567 0.9595880048883421
0 0.11287400000000003 0.342843 0.05735935350448809 0.342777999594299 0.05725269999903255 0.4718500011708684 0.1127673464945445 0.4719150015765694
0 0.41091000000000005 0.9530790000000002 0.40845300000000007 0.8266060000000001 0.3518190002688135 0.8281650138370598 0.3542760002688135 0.9546380138370598
0 1.0000011019859756 0.4381311640661146 0.9997479999999999 0.320728 0.9803069099842721 0.3207873884187064 0.9805600119702478 0.438190552484821
0 0.39741200000000004 0.18901900000000008 0.3377440175525783 0.18667836596365162 0.3341410000000001 0.3168270000000001 0.39380898244742174 0.3191676340363485
0 0.6235260000000001 0.7981690000000001 0.6187219824975302 0.6646845136761635 0.566846 0.6673300000000001 0.5716500175024699 0.8008144863238367
0 0.22708600897704959 0.19962948776517797 0.16831400000000002 0.19817000000000004 0.16601598291737787 0.3292959747427445 0.22478799189442744 0.3307554625079225
0 0.9273790000000001 0.6817750000000001 0.871939008255779 0.681109026155902 0.8709370001018261 0.7993049879887063 0.9263769918460472 0.7999709618328045
0 0.7352670000000001 0.33431500000000003 0.678037 0.33243500000000004 0.6753249418423176 0.4494200309394297 0.7325549418423177 0.4513000309394297
0 0.6246870000114885 0.8195319462366953 0.5720220000000001 0.819516 0.5719939999885117 0.9505510537633048 0.6246590000000002 0.9505670000000002
0 0.3488410000000001 0.849032 0.29160301981917586 0.8441776688643864 0.28409 0.9697039999999998 0.3413279801808243 0.9745583311356135
0 0.7389980169860306 0.8102134498000493 0.73395 0.676539 0.6777449830139693 0.6795465501999506 0.682793 0.813221
0 0.17109100166178573 0.20176730117129743 0.10660100000000003 0.20155000000000003 0.1063229983382143 0.31845769882870256 0.17081300000000002 0.31867499999999993
0 0.7974966097226256 0.8148179805170078 0.7440495349229838 0.8135122283561294 0.7417334868740018 0.9478431987378589 0.7951805616736436 0.9491489508987374
0 0.510736 0.1910090000000001 0.4574330048608795 0.18946476225154035 0.454693 0.3234800000000001 0.5079959951391204 0.3250242377484598
0 0.682719 0.809574 0.6808969919879376 0.6722063959423873 0.624093 0.673274 0.6259150080120623 0.8106416040576127
0 0.9932419999999998 0.6734080000000001 0.9323710206538173 0.6718228761384478 0.930080018847091 0.7964859744500763 0.9909509981932736 0.7980710983116286
0 0.5708449999999999 0.19646200000000008 0.510452 0.19417600000000004 0.5069807126067356 0.32412302697363926 0.5673737126067354 0.3264090269736393
0 0.7934660000000001 0.8136510000000001 0.7899969915381054 0.6724626556016231 0.73527 0.6743680000000001 0.7387390084618947 0.8155563443983771
0 0.983881 0.22245399999999999 0.9508459124113092 0.10106867816094328 0.905236094981977 0.11865734900521456 0.9382711825706679 0.24004267084427125
0 0.6856990000000001 0.81964 0.6227779868683059 0.8179236821566951 0.6200809868683059 0.958025682156695 0.6830020000000001 0.9597420000000001
1 0.348654934040541 0.47094833068394454 0.34784393191848806 0.3274289551538383 0.28269892979643513 0.32795057962373203 0.28350993191848806 0.47146995515383827
1 0.00010582681074544871 0.0010494223847372336 0.000005352297794117778 0.0010124606126914659 -0.000011681222510154355 0.0010780710507113437 0.00008879329044117658 0.0011150328227571115
0 0.2319739374874149 0.8238749148019898 0.22778183059171522 0.6979314644257529 0.1745317939910089 0.7004430158281302 0.1787239008867086 0.8263864662043671
0 0.9124600116309672 0.29828431688446577 0.90776 0.170233 0.8562559883690328 0.17291168311553418 0.860956 0.300963
1 0.2351369980979032 0.3292397612950359 0.17066416533922393 0.32823828260344684 0.1689461931887194 0.4849554443411551 0.23341902594739866 0.48595692303274424
0 0.05627937447286756 0.4755679430738465 0.051932099999999995 0.34166500000000005 -0.0043472744728675645 0.34425405692615363 0 0.478157
0 1.000000666126995 0.31821739157253476 0.999662 0.20871000000000003 0.9812913459210876 0.20879050416420672 0.9816300120480823 0.31829789573674144
0 0.3440270004368942 0.1722449877947086 0.288686 0.16943800000000003 0.2845289642693986 0.2855709981876844 0.3398699647062928 0.28837798598239295
1 0.4045435835109881 0.32566955956973515 0.3387234376652716 0.3255878481462932 0.3385791384305943 0.4902923580647968 0.40439928427631083 0.49037406948823875
1 0.2965323056854004 0.8226792539726837 0.23389330150224785 0.8210974887044716 0.23131429731909534 0.9658147234362593 0.2939533015022479 0.9673964887044714
1 0.5239159319184882 0.9624701149216099 0.5223659258647357 0.8164835447518676 0.4587179319184881 0.8174411149216099 0.4602679379722406 0.9634276850913521
1 0.4610574716912479 0.48824556331524743 0.4601875350353777 0.3256447668263208 0.39555212643391235 0.3261347722194402 0.39642206308978256 0.48873556870836676
0 0.7898940033459175 0.17714786932712748 0.7341679999999998 0.17512600000000011 0.7307869966540823 0.30716913067287277 0.786513 0.3091910000000001
1 0.2990944204331561 0.6751745383969731 0.2312589354420647 0.6725827367906517 0.22711751500890862 0.8261751983936787 0.294953 0.828767
0 1.0000004552573738 0.24842930570070226 0.999714 0.16392199999999998 0.9842795530134185 0.16399613426983636 0.9845660082707923 0.24850343997053864
1 0.0008046726967073201 0.001094704529003308 0.0007948501838235295 0.0010361159737417944 0.0007302344724103269 0.0010514661493336726 0.0007400569852941175 0.001110054704595186
1 0.5197050098513772 0.6817507651434471 0.4566510000000001 0.6780030000000001 0.45092699014862303 0.8144632348565531 0.5139810000000002 0.8182110000000001
1 0.9906467056034922 0.3137688736387814 0.9780929778679829 0.21443782488098315 0.9089059999999999 0.226828 0.9214597277355091 0.3261590487577983
0 0.6754878732668929 0.17538738507855126 0.6212695721760421 0.17432012075649397 0.6190610000000002 0.33330320183813644 0.673279301090851 0.3343704661601937
1 0.24208116533922422 0.8224032978560082 0.17579416629140165 0.8214372052811757 0.17427416533922416 0.9692182978560082 0.24056116438704672 0.9701843904308407
1 0.17897946003369342 0.3349270064741287 0.11317946017344517 0.33400099240293335 0.11169200000000003 0.48376899999999995 0.17749199986024827 0.4846950140711954
1 0.5173524561081768 0.4881198887291296 0.5144074790860661 0.3209149931600899 0.4517765892836361 0.3224780936626595 0.45472156630574684 0.4896829892316992
1 0.7399906669343066 0.17276718920217396 0.6752175696882905 0.17272964922201858 0.6751527633829958 0.3311763815425059 0.7399258606290119 0.3312139215226612
1 0.6270116945427723 0.33434117231663 0.6260452747086368 0.17220756894499345 0.5642267682182025 0.17272969661290413 0.565193188052338 0.33486329998454073
1 0.4612590891576278 0.33568779663881615 0.4591263220721587 0.1720156556321523 0.393344093049089 0.17323028184929082 0.3954768601345582 0.3369024228559547
1 0.12211507928211718 0.34082008957289417 0.1195588496798055 0.17216730037828354 0.05478995338915266 0.17355833592310027 0.05734618299146435 0.3422111251177109
1 0.2914085128661808 0.3409964757339461 0.2893604347746211 0.1690402614185075 0.22359865778305257 0.17015011982481995 0.22564673587461231 0.34210633414025854
1 0.18469169468252639 0.8269928424909669 0.1831481240952424 0.6701283485414281 0.11934569040104706 0.6710179684346923 0.12088926098833108 0.8278824623842311
1 0.3541543952526596 0.6695462407476845 0.287016201328473 0.6695462407476845 0.287016201328473 0.8274440349819897 0.3541543952526596 0.8274440349819897
1 0.46685109997755697 0.8286586843657545 0.4642529109401159 0.6665202169770065 0.3990432297224775 0.6680009002111268 0.4016414187599186 0.8301393675998748
1 0.46891919152853695 0.9722681919855514 0.4658477415890905 0.8149797248820356 0.400077332089227 0.8167996038522707 0.40314878202867344 0.9740880709557864