1 0.6335576523616224 0.5012400017906162 0.555592 0.5010260000000001 0.5555313476383774 0.5690539982093838 0.6334969999999999 0.5692680000000001
1 0.402276 0.7702130000000001 0.40214157200581474 0.7014220025748388 0.32567957200581465 0.7018820025748387 0.3258139999999999 0.770673
1 0.6270653722414303 0.3894240316452163 0.55378 0.3877340000000002 0.5532816202691452 0.4542669681820706 0.6265669925105755 0.4559569998272867
1 0.938917 0.676191 0.9387370301972399 0.612037999739202 0.8601170301972397 0.6127169997392021 0.8602969999999999 0.6768700000000001
1 0.16506100000000004 0.36715300000000006 0.0894653004939556 0.3668486223180426 0.08938130049395561 0.4310756223180426 0.16497700000000004 0.43138000000000004
1 0.16061734649659573 0.25871100574199984 0.08313500000000001 0.257427 0.08277565350340431 0.32418499425800024 0.16025800000000004 0.32546900000000006
1 0.865956866342558 0.5064597834037209 0.8654934555964173 0.4453704480197671 0.7894477903512526 0.44714639186636385 0.7899112010973932 0.5082357272503176
1 0.47267476865076724 0.7003030158610318 0.39634700000000006 0.6987280000000001 0.3959222313492328 0.7621009841389685 0.47225 0.7636760000000001
1 0.23648770965762386 0.8256359911932554 0.23623 0.761704 0.15927399601922632 0.7626590124592508 0.15953170567685016 0.8265910036525062
1 0.40259015960426825 0.6436500255140404 0.32405200000000006 0.641922 0.3235628403957318 0.7103659744859598 0.40210099999999993 0.7120940000000002
1 0.23678699297489958 0.4836251015862003 0.16025300000000003 0.479724 0.1592140070251005 0.5424768984137998 0.23574800000000004 0.546378
1 0.4668436871491192 0.5897129241236049 0.46594298540130863 0.528056000656549 0.39389829825218947 0.5312960765329442 0.39479900000000007 0.5929530000000001
1 0.23923327943631054 0.5901980937500155 0.1634200000000001 0.5870800000000002 0.1625547205636896 0.6518489062499847 0.23836800000000005 0.6549670000000001
1 0.6992843757387673 0.284953993218335 0.6989020000000002 0.21973200000000007 0.622719624261233 0.2211070067816651 0.6231020000000002 0.286329
1 0.16365541800369424 0.7024700007417444 0.08475920000000005 0.70233 0.08471778199630585 0.7741869992582555 0.16361400000000004 0.7743269999999999
1 0.400899726550048 0.4758530006613847 0.32400200000000007 0.47578299999999996 0.32398327344995204 0.5391149993386154 0.400881 0.5391850000000001
1 0.6276066317836823 0.3332940450766494 0.554915 0.33128600000000014 0.5543303679685093 0.39644098254066273 0.6270219997521914 0.398449027617312
1 0.633150250210918 0.4471380698746761 0.5527680000000001 0.44464200000000015 0.5521117494759679 0.5097039611681018 0.6324939996868856 0.5122000310427778
1 0.23694902292108266 0.6487120172769973 0.16033400000000003 0.647418 0.15995697707891737 0.7161399827230027 0.236572 0.717434
1 0.23790365102036662 0.8171891333220843 0.16277800000000006 0.8134109999999999 0.16165233265744738 0.8823198658570588 0.23677798367781397 0.8860979991791433
1 0.4701923403135636 0.536380873860536 0.4691169999999999 0.474959 0.3942146596864362 0.4789961261394641 0.3952899999999999 0.540418
1 0.16754623074883981 0.8781382090020211 0.09121150000000007 0.8732 0.0898822687081469 0.9364568168394546 0.16621699945698665 0.9413950258414756
1 0.3989887144359631 0.5321132887697075 0.32708100000000007 0.5265230000000001 0.32533628556403693 0.5956137112302926 0.397244 0.6012040000000001
1 0.9396323675202412 0.16247903171854103 0.8611199999999999 0.16065800000000022 0.8605836324797588 0.23185096828145935 0.9390959999999999 0.23367200000000016
1 0.23880651099127578 0.5372733000122087 0.16307400000000005 0.530802 0.16133748900872436 0.5933656999877914 0.2370700000000001 0.5998370000000001
1 0.16449533686405413 0.5384725666577888 0.08740250000000002 0.530287 0.08486316313594597 0.6039144333422113 0.16195600000000004 0.6121
0 0.6892094840849493 0.17579600734934403 0.629928 0.17489600000000013 0.6296985159150508 0.22143099265065627 0.68898 0.22233100000000017
1 0.9370542179792226 0.45222274565178416 0.9365452483218051 0.3884667694828455 0.8605782786643879 0.3903337933139067 0.8610872483218053 0.4540897694828454
0 0.625671631753226 0.33673398591110937 0.6252869999999999 0.28363700000000003 0.5566803682467738 0.2851670140888907 0.5570649999999999 0.33826400000000006
0 0.541168 0.310407 0.540944999448257 0.19999572682295155 0.5134 0.200167 0.5136230005517429 0.3105782731770484
0 0.1628539730178616 0.8305650963197899 0.09074820000000006 0.8270449999999999 0.0898712268274319 0.8823489134363592 0.1619769998452934 0.8858690097561492
0 0.8630777342836987 0.44718997828560125 0.8625750000000001 0.39485300000000007 0.7898032657163014 0.39700502171439894 0.7903060000000002 0.44934200000000013
1 0.8672929803940996 0.6213145072319813 0.8672863207687297 0.5561047852334097 0.7875921179131588 0.5561298416088236 0.7875987775385287 0.6213395636073953
0 0.3957962534983576 0.9904579989374948 0.39572199999999996 0.9359179999999999 0.3329737465016423 0.9361810010625051 0.33304799999999996 0.990721
0 0.16050000000000006 0.943994 0.08750030000000007 0.937404 0.08579214931402063 0.9956566794641537 0.1587918493140206 1.0022466794641538
0 0.399653 0.6470329999999999 0.399505 0.5949229999999999 0.3327329995274408 0.5955068336144861 0.33288099952744077 0.6476168336144861
0 0.15033372125391728 0.6569720822763522 0.08386790000000002 0.653795 0.08307717859775793 0.704721927276606 0.14954299985167518 0.7078990095529581
0 0.1619640814146159 0.7748320349945308 0.09082570000000005 0.77253 0.09025161858538415 0.8271459650054691 0.16139000000000003 0.829448
0 0.21655740682914254 0.13478598799489958 0.21605299740803124 0.08216202958543531 0.15068259057888866 0.08409104159053575 0.15118699999999996 0.136715
0 0.14928635838295953 0.13802994160270107 0.148574 0.08701680000000002 0.08041774161704046 0.08994685839729898 0.08113009999999998 0.14096000000000003
1 0.4005733312845025 0.88370998298429 0.40029899994693824 0.8176329872192556 0.3268316686624357 0.8185720042349655 0.32710599999999995 0.884649
0 0.6943480590482983 0.3978880006515063 0.6278230000000001 0.3971540000000001 0.6276409409517016 0.4479529993484939 0.694166 0.44868700000000006
0 0.6999674154316571 0.2844830067835849 0.6256820000000001 0.28327000000000013 0.6253855792647766 0.33915599312981337 0.6996709946964337 0.34036899991339814
0 0.40323568221060324 0.7663590066243458 0.332896 0.7656760000000001 0.33270631778939674 0.8258149933756544 0.403046 0.8264980000000001
0 0.9330998777006617 0.5019850237272303 0.8609659999999998 0.5000350000000001 0.860467122299338 0.55684797627277 0.9326009999999999 0.5587980000000002
0 0.8647045290629635 0.6200510500181287 0.798488 0.6178850000000001 0.797913460315262 0.6719569496344162 0.8641299893782254 0.6741229996525447
0 0.6664139787175504 0.8581040234208596 0.607198978903526 0.8566869994951583 0.6068100000000001 0.9067290000000001 0.6660249998140244 0.9081460239257014
0 0.8705480000000001 0.274929 0.8704901365761891 0.22547899950799802 0.8016471365761889 0.22572699950799802 0.8017049999999999 0.275177
0 0.3970121976484605 0.9379169992339893 0.396938 0.8789779999999999 0.32985180235153944 0.8792380007660108 0.32992599999999994 0.9381770000000001
0 0.464594 0.589142 0.3971589257873487 0.5890199998657382 0.3971280000000001 0.6416460000000002 0.4645630742126514 0.641768000134262
0 0.3881077453487847 0.424547987902985 0.3878350000000001 0.372812 0.3196272546512154 0.373919012097015 0.3199 0.42565500000000006
0 0.8632110099484552 0.6869396849739015 0.8030920000000001 0.6842825961399104 0.8023799894174433 0.7338785514750428 0.8624989993658982 0.7365356403090338
0 0.39283400000000007 0.004511980000000089 0.32394276008844225 -0.0004244123522842098 0.32251776008844224 0.060799807647715774 0.39140900000000006 0.06573620000000006
0 0.9328816447673953 0.22741107068448996 0.8727060000000001 0.22482500000000022 0.8720003552326048 0.27537492931551055 0.932176 0.27796100000000024
0 0.1493867782182594 0.07638837704828164 0.14885699999999996 0.0210872 0.07711292178174053 0.023203122951718357 0.07764269999999998 0.07850429999999999
0 0.4715511848684026 0.6507960033884499 0.40335299999999996 0.649546 0.40301981513159746 0.7055089966115502 0.4712180000000001 0.7067590000000001
0 0.3951 0.26162900000000006 0.3261 0.26149000000000006 0.3260655378802506 0.3141560010835559 0.3950655378802506 0.3142950010835559
0 0.39497785345425807 0.4828868939608019 0.3939619999999999 0.428223 0.3237821465457418 0.4322381060391981 0.324798 0.486902
0 0.93817 0.16473 0.9381551954857398 0.11134799983309533 0.8655381954857397 0.1114099998330953 0.8655529999999999 0.16479199999999997
0 0.6310048509870095 0.5679551146101581 0.5664179999999999 0.5639560000000001 0.5652891490129902 0.6200828853898422 0.6298759999999999 0.6240820000000001
0 0.9339608890758638 0.5639440202104401 0.866126 0.5624020000000002 0.8657221109241362 0.6171009797895602 0.9335570000000001 0.6186430000000002
0 0.6276185180108547 0.628111156686827 0.56319 0.6241020000000002 0.5621494605458248 0.6755819042052622 0.6265779785566795 0.6795910608920891
0 0.621772 0.06359840000000014 0.5562289999999999 0.06338990000000011 0.5561775028954298 0.11322750159976967 0.6217205028954299 0.11343600159976969
0 0.9329742961340446 0.676624042719097 0.865768 0.6744090000000001 0.8651977038659553 0.7276789572809034 0.932404 0.7298940000000002
0 0.6917245796813847 0.12357808429969559 0.6281419999999999 0.1201850000000001 0.6272924203186151 0.16919691570030465 0.6908749999999999 0.17259000000000016
0 0.2235282866520979 0.3192509998447289 0.22351899999999997 0.26646999999999993 0.15705771334790206 0.266506000155271 0.15706699999999998 0.31928699999999993
0 0.23003200000000001 0.9340050000000001 0.16506800000000008 0.9335890000000002 0.16492986411292224 0.9999999991298409 0.22989386411292217 1.000415999129841
0 0.23301500000000006 0.483783 0.23295430129178052 0.42985899895590823 0.16744900000000001 0.4300860000000001 0.16750969870821955 0.4840100010440919
0 0.46391921592664626 0.3142910400500783 0.39411999999999997 0.3119920000000001 0.39349277337815375 0.3706169595976444 0.46329198930480003 0.3729159996477226
0 0.8640109718831473 0.11565206153965375 0.798386 0.11360400000000015 0.7978680176665479 0.16470096934277767 0.8634929895496952 0.1667490308824313
0 0.2235433976613656 0.07208139176332024 0.22144199626225158 0.016103200431970686 0.15026759860088598 0.02432880866865045 0.152369 0.08030700000000002
0 0.6982167548421447 0.6205370079106458 0.6329479999999998 0.619853 0.632766245157855 0.6732459920893544 0.6980349999999999 0.6739300000000003
0 0.2270386980920251 0.8862232330390943 0.164203 0.880796 0.16270627633764462 0.9341446783805389 0.22554197442966972 0.9395719114196333
0 0.7063997867311266 0.5605369818215475 0.706001 0.5074039999999999 0.6358462132688733 0.5090250181784525 0.636245 0.5621580000000002
0 0.8608084394788923 0.06520146718649539 0.7953900000000002 0.060718100000000164 0.7942595605211079 0.11149863281350499 0.859678 0.1159820000000002
0 0.39488143849031 0.25700899752724343 0.3947829999896704 0.20326899436080803 0.3208360000000001 0.20368600000000003 0.3209344385006397 0.25742600316643544
0 0.16126447232149332 0.4348170490813734 0.09607830000000003 0.4326439999999999 0.09550082753416987 0.48597396424823236 0.16068699985566318 0.48814701332960586
0 0.46257654378436064 0.13371686099980387 0.46153500000000003 0.075036 0.39224645621563936 0.07882213900019612 0.39328799999999997 0.137503
0 0.16363635593510534 0.4890593272549282 0.09905850000000004 0.4827620000000001 0.0973781440648947 0.5358116727450719 0.16195600000000002 0.542109
0 0.45995399999999986 0.06401459999999999 0.4598893784213922 0.006774468684754913 0.38936899999999997 0.007019570000000001 0.38943362157860767 0.06425970131524508
0 0.22816750824533807 0.7133210374437564 0.1613410000000001 0.7116620000000001 0.16092849155450373 0.762815987377313 0.2277549997998417 0.7644750248210693
0 0.8630229999999998 0.223515 0.8629850179768799 0.17054100216765977 0.79593601797688 0.17068900216765978 0.7959739999999998 0.22366299999999997
0 0.6243242491474792 0.28117595884848906 0.623761 0.22854000000000002 0.549420750852521 0.23098904115151103 0.549984 0.283625
0 0.1559747795994114 0.20668001694899202 0.08408100000000002 0.20511700000000002 0.08368322040058866 0.26144498305100805 0.15557700000000002 0.263008
0 0.6247139944327438 0.2249349751484433 0.6242949918841123 0.1733180002028216 0.5571889974513684 0.17499502505437828 0.5576079999999999 0.226612
0 0.8609848658982242 0.33932101509246176 0.792825 0.3381330000000002 0.7925281341017759 0.39056798490753863 0.8606880000000001 0.3917560000000002
0 0.4566490321804454 0.42431799978690354 0.456537 0.3722329999999999 0.38948696781955455 0.37267700021309635 0.389599 0.424762
0 0.15602747922166568 0.603081149140481 0.08725400000000004 0.598944 0.08619452054351928 0.6531648628766273 0.15496799976518494 0.6573020120171084
0 0.6927846448254991 0.0630055262596383 0.630211 0.060457300000000144 0.6295363530687358 0.11145893293097281 0.6921099978942349 0.11400715919061097
0 0.6973133831531183 0.6810230047822959 0.62801 0.6801580000000002 0.6277936168468816 0.7335299952177042 0.697097 0.734395
0 0.9348168356501246 0.5022029922207858 0.9346579969762564 0.4496740000281485 0.8647261613261317 0.4503250078073628 0.8648849999999999 0.5028540000000001
0 0.4578639120412066 0.20282008836238657 0.39456899999999995 0.19989500000000007 0.39376207295797505 0.25364991094437117 0.45705698499918174 0.25657499930675765
0 0.6267110020633955 0.1717992592319439 0.6266189999999999 0.11565299999999998 0.5564969979366045 0.11600674076805605 0.5565889999999999 0.17215299999999997
0 0.39194814884764856 0.3205421261448834 0.32382400000000006 0.3165430000000001 0.32281085115235153 0.3696758738551167 0.39093500000000003 0.3736750000000001
0 0.7090380840359531 0.5642490321781892 0.6355959999999999 0.5620690000000002 0.6350449159640468 0.619223967821811 0.708487 0.6214040000000001
0 0.6960256661419252 0.3405351026753405 0.631553 0.3365620000000001 0.6304633338580748 0.3909988973246597 0.694936 0.3949720000000001
0 0.8614869708933273 0.27806202813862463 0.795756 0.2761570000000001 0.7952870291066728 0.32597297186137575 0.861018 0.3278780000000003
0 0.3899206801758384 0.07389361020767521 0.325785 0.07293110000000007 0.3255193173869692 0.12743298975574902 0.3896549975628077 0.12839549996342417
0 0.22703013844644504 0.3742739009711034 0.22621799999999997 0.32028299999999993 0.15810786155355494 0.3234370990288965 0.15892 0.377428
0 0.4630744977480632 0.3076739220614991 0.4621930000000001 0.255523 0.3936635022519369 0.2590890779385009 0.39454500000000003 0.31124000000000007
0 0.4677145267779531 0.47621378265301195 0.46621499999999994 0.42254499999999995 0.39468047322204675 0.4286982173469879 0.39618 0.482367
0 0.15921400899132807 0.323370045852026 0.08683730000000003 0.32008100000000006 0.08600829100867201 0.3762429541479741 0.15838500000000005 0.37953200000000004
0 0.925595755683655 0.3430650220798471 0.8621759999999999 0.3412120000000002 0.861717244316345 0.3895489779201533 0.9251370000000001 0.39140200000000025
0 0.9314054250275885 0.057311607388866516 0.8623719999999998 0.056111500000000175 0.8620915744077811 0.10577199260131807 0.9311249994353697 0.10697209999018442
0 0.933672310140666 0.2802350639940045 0.8665199999999997 0.2769550000000001 0.8657166898593337 0.32758593600599584 0.932869 0.3308660000000002
1 0.4718445301469781 0.7516000044946173 0.3988320000000001 0.7509810000000002 0.3986454698530221 0.8187149955053831 0.4716580000000001 0.8193340000000002
0 0.6960890145186754 0.5035797599814069 0.694758 0.4521150000000001 0.6307139854813245 0.45721424001859334 0.6320449999999999 0.508679
0 0.2187917448832352 0.262175993331102 0.21864900000000004 0.213091 0.15710399711799464 0.2136420089787466 0.15724674200122982 0.26272700230984863
0 0.0002892236157321738 0.0008749696299868521 0.0002748419299275191 0.0008589215842935147 0.0002531034005375745 0.0009188968072478391 0.0002674850863422292 0.0009349448529411765
1 0.6346453224710361 0.7376359876422732 0.6338104315534946 0.6706884221917799 0.5562637356835347 0.6736656516818775 0.5570986266010761 0.7406132171323708
1 0.8664656302582703 0.5626760895239388 0.8662017490853483 0.4993416196678799 0.7885875646357591 0.5003371704792215 0.788851445808681 0.5636716403352804
0 0.5038244725064184 0.2281384372154363 0.5023888888014685 0.12817802927524724 0.47691863503285553 0.12930415748645183 0.47835421873780537 0.2292645654266409