1 0.402935 0.7719860000000002 0.40272642883397775 0.7027229960369448 0.32622299698879126 0.7034300000278281 0.3264315681548135 0.7726930039908835
1 0.6356310000000001 0.5030840000000002 0.5575600000000001 0.5027950000000002 0.5574762208162014 0.5722520008174085 0.6355472208162013 0.5725410008174084
1 0.1653883026963461 0.36863900264673216 0.08922020000000003 0.36797300000000005 0.08903689729618039 0.43230899997635824 0.16520499999252644 0.4329750026230904
1 0.630033 0.3913250000000001 0.5545586180893863 0.38931398982401566 0.553978 0.4561890000000002 0.6294523819106136 0.4582000101759846
1 0.9418956055204268 0.6130270005327139 0.862327605520679 0.6129569996529523 0.862309 0.6778600000000001 0.9418769999997478 0.6779300008797617
1 0.23717572941606144 0.8270729963766507 0.23707299837334528 0.7636049950406146 0.159769 0.763989 0.15987173104271613 0.8274570013360361
1 0.4030270000000001 0.6453560000000002 0.3257699003215426 0.6431409971421648 0.325127 0.7119580000000001 0.40238409967845745 0.7141730028578354
1 0.16053600000000004 0.25966200000000006 0.08261660000000003 0.25877500000000003 0.08236876052070162 0.3255909995505852 0.16028816052070163 0.3264779995505852
1 0.23937100000000006 0.482567 0.16300700000000004 0.47833000000000003 0.16186060857583667 0.5417390337663797 0.2382246085758367 0.5459760337663797
1 0.47328520465936874 0.7031190061139362 0.39726420495008163 0.7008479762489034 0.396652 0.7637400000000001 0.47267299970928717 0.7660110298650329
1 0.864885 0.4461780000000002 0.7937697299052819 0.440910979995938 0.792176 0.5069500000000002 0.8632912700947178 0.5122170200040624
1 0.23934200000000005 0.591986 0.16368200000000005 0.588957 0.16284062161656715 0.6534550248860241 0.23850062161656715 0.6564840248860242
1 0.40126200000000006 0.4779720000000001 0.32517294066583957 0.47772299980583005 0.3251060000000001 0.5405000000000002 0.4011950593341606 0.5407490001941703
1 0.7001749999999998 0.285887 0.6997134003763558 0.22078499128780713 0.623702 0.22243899999999997 0.6241635996236441 0.28754100871219285
1 0.1637439473677409 0.7039280099980753 0.08433830000000006 0.70309 0.08408834916815788 0.7757749973528383 0.16349399653589872 0.7766130073509135
1 0.62977 0.33528600000000014 0.5561385234134704 0.33266998306758905 0.555385 0.39775900000000014 0.6290164765865297 0.4003750169324112
1 0.23747900000000005 0.6498530000000001 0.16023596053542852 0.6489329995299586 0.15996900000000008 0.7177200000000002 0.23721203946457162 0.7186400004700416
1 0.47171542010953676 0.5387889764373733 0.47058898174304997 0.47715300102397507 0.39488456163351326 0.48139902458660183 0.39601100000000006 0.5430350000000002
1 0.4689899212641028 0.5916059591963378 0.46810699936120065 0.5304279557373434 0.394705 0.533679 0.39558792190290215 0.5948570034589945
1 0.16482324978464188 0.5397760198780505 0.08666332452480492 0.5335559939936271 0.0847770747401631 0.6062969741155765 0.16293700000000003 0.6125169999999999
1 0.6350012669771445 0.44868100849069475 0.553751 0.44609700000000013 0.5530737330228555 0.5114519915093055 0.634324 0.5140360000000002
1 0.1673464076540279 0.8799210342584388 0.09113050000000009 0.873516 0.08939009142758599 0.9370729992795914 0.1656059990816138 0.9434780335380303
1 0.2377990000000001 0.8175270000000001 0.1622764928523374 0.8143259785045461 0.16131998619710972 0.8835829994149647 0.2368424933447724 0.8867840209104185
1 0.39903763258105357 0.5345455305900937 0.3275465277351249 0.5287045220239095 0.32572563258105347 0.5971015305900939 0.39721673742698216 0.602942539156278
1 0.945608432473871 0.1618120170926884 0.8661854329826068 0.15867297758974108 0.8652680000000001 0.2299110000000002 0.9446909994912644 0.23305003950294748
1 0.239329 0.539006 0.16328100000000004 0.532974 0.1616645415660528 0.5955170429561123 0.23771254156605276 0.6015490429561124
0 0.542418000101989 0.2889451059416831 0.5423110000000001 0.17779800000000004 0.513914999898011 0.17788189405831695 0.514022 0.28902900000000004
0 0.690423 0.1774500000000001 0.6315787470654586 0.1772329990672492 0.6315229999999998 0.2236260000000001 0.6903672529345413 0.223843000932751
1 0.9422326139093844 0.4528085871240578 0.9420007347927213 0.3884575857872752 0.8660406139093844 0.38929758712405776 0.8662724930260475 0.4536485884608404
0 0.162647 0.9999999999999998 0.16252597460295387 0.9405075155677339 0.0894081 0.9409639999999998 0.08952912539704616 1.0004564844322656
1 0.8671625174699468 0.5037550636474097 0.7966315622568172 0.49507994615876805 0.7939030000000001 0.5631610000000002 0.8644339552131297 0.5718361174886418
0 0.6293509999999999 0.28555900000000006 0.5628999786237385 0.2838209994409122 0.5624610000000001 0.33533000000000013 0.6289120213762615 0.3370680005590879
0 0.396451128622382 0.9927819999414086 0.396443 0.9380189999999998 0.332780871377618 0.9380480000585915 0.332789 0.9928110000000003
0 0.1631960000000001 0.8322340000000001 0.08998840000000004 0.8286980000000002 0.08912461430081044 0.8835810103509427 0.1623322143008105 0.8871170103509427
0 0.8655770000000002 0.449627 0.8650983202284616 0.3963949911626887 0.7915390000000001 0.398425 0.7920176797715388 0.45165700883731125
0 0.15035948401096108 0.6587750268699898 0.08419700000000004 0.655102 0.08327751558774676 0.7059319953138327 0.14943999959870782 0.7096050221838225
0 0.15074742722198972 0.1365309945890273 0.15054099874628646 0.08651189621623409 0.08319217152429677 0.0873649016272068 0.08339860000000002 0.137384
0 0.9351140000000001 0.23035700000000023 0.8747250000000001 0.22719900000000023 0.8738824121243135 0.2766470215517494 0.9342714121243134 0.2798050215517494
0 0.39725 0.93959 0.397101 0.8807439999999999 0.329549999785155 0.8812689151491617 0.32969899978515493 0.940114915149162
0 0.6967346429290314 0.3997260046179294 0.6297670000000002 0.3992450000000001 0.6296473570709689 0.450364995382071 0.6966150000000001 0.45084600000000025
0 0.701257 0.28583500000000006 0.6265231551999674 0.2852259931157158 0.6263759973447375 0.3406459999783623 0.70110984214477 0.34125500686264665
0 0.21678231705524448 0.1357599871746919 0.21609 0.0832357 0.15094968294475553 0.08587071282530809 0.151642 0.13839499999999996
0 0.8680960000000001 0.6232760000000003 0.8019016302616896 0.6212549887113469 0.8013680000000002 0.6748940000000003 0.8675623697383107 0.6769150112886537
0 0.8731000014650968 0.27609917761749925 0.8726829932182134 0.2255441778262645 0.8029669917531167 0.22730900020876532 0.8033840000000001 0.27786400000000006
0 0.47257864412230594 0.653372016479068 0.40362765267011536 0.6516079911139967 0.403161 0.707586 0.47211199145219057 0.7093500253650713
0 0.16320000000000007 0.77635 0.0903028654919732 0.7748769993027114 0.08993699998669738 0.8304440020203878 0.16283413449472428 0.8319170027176765
0 0.4040135867949907 0.7676130025668784 0.3326885868012259 0.7673009981925015 0.33260100000000004 0.828749 0.4039259999937649 0.8290610043743768
1 0.40160647927104337 0.8854569888807744 0.40109699982464314 0.8180629768037813 0.32864 0.8197439999999999 0.32914947944640016 0.8871380120769929
0 0.9365480000000002 0.5050130000000003 0.8634468553064844 0.5020449941252467 0.8627010000000002 0.5584220000000003 0.935802144693516 0.5613900058747539
0 0.7080029999999999 0.5624429999999999 0.707460290162741 0.5106420228231998 0.6379482901627411 0.5128770228231999 0.638491 0.564678
0 0.39540700000000006 0.48481399999999997 0.39441211902969014 0.43008999335895315 0.324278 0.4340030000000001 0.32527288097031 0.4887270066410469
0 0.38890716644973106 0.4261049970828068 0.388612 0.37441900000000006 0.3209408335502689 0.37560500291719323 0.32123599999999997 0.427291
0 0.39449499999999993 0.0061954600000000744 0.32467433314225447 0.0009261636729088555 0.32318499999999994 0.061489700000000064 0.39300566685774546 0.06675899632709127
0 0.16402600000000003 0.4900030000000001 0.09786140000000004 0.48457700000000004 0.09644383301949477 0.537626035510889 0.16260843301949476 0.5430520355108891
0 0.632468 0.569646 0.5656839384593664 0.5658459964983469 0.564646 0.6218280000000003 0.6314300615406336 0.6256280035016535
0 0.3957444047802808 0.31531499654570744 0.395599 0.26302400000000004 0.32728159521971917 0.2636070034542925 0.327427 0.31589799999999996
0 0.46561700000000006 0.5910260000000002 0.397809 0.5905540000000001 0.3976887808763324 0.643557005435548 0.46549678087633245 0.6440290054355479
0 0.8678680000000001 0.11608700000000018 0.80197 0.11515700000000016 0.8017324747451606 0.1668089925872259 0.8676304747451606 0.1677389925872259
0 0.935832 0.6782250000000001 0.8676156107450508 0.6761909883935652 0.8670929902870557 0.7299819997103888 0.9353093795420049 0.7320160113168237
0 0.4652682347146273 0.31601300755503503 0.394652 0.31374000000000013 0.3940417652853727 0.3719219924449652 0.464658 0.37419500000000006
0 0.4604625035071434 0.06390208824953224 0.46002999939176076 0.00702613001419463 0.39094249588461727 0.008638441764662403 0.3913749999999999 0.0655144
0 0.694078 0.12511700000000014 0.629555 0.12184100000000013 0.6287341677529197 0.1714560085172508 0.6932571677529197 0.1747320085172508
0 0.942119 0.1114760000000002 0.871235 0.10961800000000019 0.8707859900722861 0.1621890259516156 0.941669990072286 0.16404702595161563
0 0.6992230000000003 0.6227660000000002 0.6334859746812171 0.6218919996633767 0.633254 0.6754380000000001 0.698991025318783 0.6763120003366235
0 0.867181290156041 0.6858900106343119 0.805599 0.6836330000000002 0.8050037098439591 0.7334799893656884 0.8665860000000001 0.7357370000000001
0 0.462569010282703 0.13474158210911333 0.46158000000000005 0.0787532 0.3931549897172971 0.08246261789088662 0.394144 0.13845099999999996
0 0.22371611889497306 0.2683020005857073 0.15774300000000008 0.2679770000000001 0.15765888110502707 0.3203809994142929 0.22363200000000005 0.3207060000000001
0 0.2337000000001355 0.48485100006128995 0.23358199780402733 0.4314840068620596 0.1685939978038918 0.43192500680076973 0.16871199999999997 0.485292
0 0.153683 0.0787774 0.153393323251452 0.023368594813631894 0.08068869997483816 0.024535095187090666 0.08097837672338616 0.07994390037345878
0 0.6292750000000001 0.6291070000000002 0.5634300000000003 0.6258420000000002 0.5625852407025678 0.6781250119355138 0.6284302407025676 0.6813900119355136
0 0.16136447254153216 0.4363070155340185 0.09571797275273419 0.4341489958169573 0.09514550000000002 0.48759299999999994 0.160791999788798 0.4897510197170612
0 0.395798 0.258511 0.3957386646003341 0.20531799772486106 0.32154166460033407 0.2055719977248611 0.32160099999999997 0.258765
0 0.23777751122530952 0.9955860151487708 0.23751412220034762 0.936551339185231 0.16581536277851905 0.9375330648257845 0.16607875180348092 0.9965677407893243
0 0.22838609003594096 0.887417004770845 0.16374900000000006 0.8839920000000001 0.16283890996405914 0.9367019952291552 0.22747600000000007 0.940127
0 0.22862254521509445 0.7149590173126792 0.16163800000000003 0.712832 0.16110745478490557 0.7641079826873208 0.22809200000000002 0.766235
0 0.6240212319020945 0.06516610051469159 0.5570670000000002 0.06501750000000013 0.5570307680979057 0.11511739948530869 0.6239850000000001 0.11526600000000015
0 0.9385461771789935 0.5651810143209838 0.8693000000000002 0.5595840000000001 0.8678958228210067 0.6128989856790167 0.9371420000000001 0.6184960000000004
0 0.4572900000000001 0.3745660000000002 0.390872 0.3740380000000001 0.39073850319616593 0.42557400400023454 0.45715650319616596 0.4261020040002346
0 0.459209 0.2048160000000001 0.39565915040188737 0.20132895338166432 0.3947109821380298 0.25435999901989514 0.4582608317361424 0.2578470456382309
0 0.937815139598514 0.44766900363602746 0.870627 0.4459190000000002 0.8701698604014861 0.4997819963639729 0.9373580000000001 0.5015320000000001
0 0.7105550000000003 0.5661990000000001 0.6358060000000001 0.5640000000000002 0.6352536424291096 0.6216220188992712 0.7100026424291098 0.6238210188992712
0 0.8643410486216662 0.3378100013148099 0.797777 0.3360100000000001 0.7973079513783337 0.3892419986851903 0.8638719999999999 0.39104200000000017
0 0.626401 0.28075 0.6261706047931638 0.22704599203727685 0.5565970000000001 0.227962 0.5568273952068364 0.2816660079627232
0 0.865051 0.06365940000000017 0.802681 0.061127400000000165 0.8020263691329067 0.11061501498548232 0.8643963691329067 0.11314701498548232
0 0.697078 0.06359560000000014 0.6329318246887712 0.05918948795811435 0.631821 0.10882000000000014 0.6959671753112289 0.11322611204188593
0 0.6972237182303714 0.3424750476684666 0.633322719663628 0.3382339813942638 0.6321620000000001 0.3919060000000001 0.6960629985667436 0.39614706627420293
0 0.1527050000000001 0.6075420000000001 0.08528556212458771 0.60214798096833 0.08393780000000005 0.6538460000000001 0.15135723787541241 0.6592400190316703
0 0.3907030076184235 0.07600037652293358 0.32577399999999995 0.07130740000000008 0.3244989923815764 0.1254440234770666 0.389428 0.13013700000000009
0 0.1563 0.207925 0.08442150000000002 0.207028 0.08419266986380985 0.26330199962391865 0.15607116986380984 0.2641989996239187
0 0.6986720006504634 0.7361141818470719 0.6986430000000001 0.683422 0.6282979993495367 0.6835408181529282 0.628327 0.736233
0 0.6469840000000001 0.9084970000000001 0.6458642149287059 0.8592039850158636 0.5884889999999999 0.8632039999999999 0.589608785071294 0.9124970149841364
1 0.8727794741858851 0.5566660412548995 0.7945384766462299 0.5498589544674195 0.792632 0.6171090000000002 0.8708729975396552 0.6239160867874803
0 0.223689 0.07296770000000001 0.22136958472909668 0.017459025017423604 0.15076858472909668 0.0265125250174236 0.153088 0.0820212
0 0.8674379999999999 0.17201900000000017 0.8041110006320135 0.1710738700393845 0.80386 0.22268700000000016 0.8671869993679865 0.2236321299606158
0 0.629231 0.17281800000000003 0.6291584582302562 0.11793799814114381 0.5569304582302561 0.11823099814114381 0.5570029999999999 0.17311100000000001
0 0.46888420493148075 0.4782549832752495 0.46745699999999996 0.42458599999999996 0.3953467950685192 0.43047101672475047 0.39677399999999996 0.48414
0 0.5093680000000002 0.44511 0.5084528403013133 0.3518999746803728 0.4829978403013132 0.3526669746803729 0.48391300000000004 0.445877
0 0.6277143945945247 0.22616398691815606 0.62715 0.173918 0.5583466054054752 0.17619901308184394 0.5589109999999999 0.228445
0 0.39330381586645946 0.3223220455398743 0.3244538168806435 0.3184789897786797 0.32349400000000006 0.37125100000000005 0.39234399898581596 0.3750940557611947
0 0.9363089999999997 0.28241400000000016 0.8694749999999999 0.2794420000000002 0.8687361923242136 0.3304300085523472 0.9355701923242135 0.3334020085523472
0 0.15962600000000002 0.32398000000000005 0.0865153 0.32113100000000006 0.08579445407876211 0.3779010060041882 0.15890515407876216 0.3807500060041881
0 0.22713400000000003 0.3757460000000001 0.22635748485474289 0.32179597858303344 0.15835 0.3247999999999999 0.1591265151452571 0.37875002141696656
0 0.863861 0.28000000000000025 0.7975270000000001 0.2794830000000002 0.7974048804855538 0.32756900686240903 0.8637388804855538 0.3280860068624091
0 0.00012833375305070334 0.0008514453194519947 0.000099273871983211 0.0008326672794117649 0.00007951147255265466 0.0009265252687832995 0.00010857135362014701 0.0009453033088235293
0 0.935037 0.10562099999999999 0.9347486953180092 0.05210348850451592 0.86906 0.05318950000000001 0.869348304681991 0.10670701149548407
0 0.46416120298246294 0.3093569894521451 0.463272 0.25684199999999996 0.39401279701753694 0.26044101054785485 0.3949019999999999 0.312956
0 0.6977434732372745 0.5056669582037632 0.6962529974647197 0.4538759119040828 0.631193 0.459622 0.6326834757725548 0.5114130462996803
0 0.9288954592696419 0.3449010038489222 0.8633854565618301 0.3443519954457014 0.8632549972921881 0.39212599159677936 0.928765 0.3926750000000001
1 0.47236000000000006 0.752693 0.3991058528944192 0.7521459989015377 0.39894 0.8203100000000001 0.4721941471055809 0.8208570010984624
0 0.218866 0.21126000000000006 0.15720770163914086 0.2096569922431403 0.156771 0.2612070000000001 0.21842929836085914 0.26281000775685975
0 0.9929160000000001 0.09499340000000002 0.9890293210769504 -0.0019407995092484143 0.955015 0.00224474 0.9589016789230498 0.09917893950924844
1 0.6323110000000001 0.6722220000000002 0.5651947817576662 0.6709199957662628 0.5648150000000001 0.7310010000000002 0.6319312182423339 0.7323030042337377
1 0.000267327330733154 0.0008106144670124057 0.0002453530954879329 0.0008062876838235296 0.00023741558637072863 0.0009300022609287711 0.0002593898216159497 0.0009343290441176473
0 0.39638478503482616 0.6478235264454509 0.39596454697409134 0.5955290934325701 0.3375685951429659 0.5969692531812276 0.3379888332037007 0.6492636861941085