1 0.967058 0.9237690000000001 0.8934099985084433 0.9233959169378481 0.8932969985084432 0.9928629169378479 0.966945 0.993236
1 0.6977189999999999 0.410536 0.697086492056391 0.3451289851816039 0.6212444920563911 0.34741298518160385 0.621877 0.41282
1 0.8650777057035888 0.748799948414229 0.863413 0.6778789999999999 0.7862422942964112 0.683520051585771 0.787907 0.7544410000000001
1 0.9614090000000001 0.6379520000000001 0.9599933712191383 0.567106039127155 0.8885613712191383 0.5715510391271551 0.889977 0.6423970000000001
1 0.8672080567665965 0.9193690034295652 0.7894130000000001 0.9146690000000003 0.787924943233404 0.9913729965704353 0.8657200000000003 0.9960730000000003
1 0.8653599999999998 0.51741 0.8635470381069811 0.4482709968881778 0.7849039999999999 0.454693 0.7867169618930188 0.5238320031118222
1 0.9601688242158253 0.6907369214374742 0.9582709694813983 0.6287310029089692 0.883688145265573 0.6358400814714951 0.885586 0.6978460000000001
1 0.8653052297236111 0.5700650092871564 0.7883030000000002 0.5669520000000002 0.7873047702763892 0.643846990712844 0.8643070000000002 0.6469600000000002
1 0.699956 0.693794 0.699223 0.6273169999999999 0.6209009937687451 0.6300064348770394 0.6216339937687451 0.6964834348770396
1 0.627388 0.29831199999999997 0.6257320633391592 0.23145399511451958 0.5454929999999999 0.23764299999999997 0.5471489366608406 0.3045010048854803
1 0.631852 0.6857670000000002 0.5564409061554396 0.6819809952885455 0.5552970000000002 0.752937 0.6307080938445605 0.7567230047114546
1 0.6333530000000002 0.92401 0.5601710000000001 0.918269 0.5582856330737797 0.9931130496635316 0.6314676330737797 0.9988540496635316
1 0.9686422838147198 0.8657400104839411 0.8935460000000001 0.8629660000000002 0.8927267161852803 0.9320359895160594 0.9678230000000002 0.9348100000000003
0 0.159115 0.46711400000000003 0.15728436259635306 0.4181289578005352 0.08863936259635304 0.42611795780053524 0.09047 0.4751030000000001
0 0.8622253579764584 0.6804639519301521 0.8603769999999998 0.6375980000000001 0.7986849628855868 0.6458821392659514 0.8005333208620454 0.6887480911961034
1 0.15890851502459327 0.4230559749453941 0.1578099995443872 0.352733970833726 0.08567810000000001 0.356243 0.08677661548020606 0.42656500411166803
0 0.162078 0.998239 0.16157899053634994 0.9459470082891284 0.09246270000000001 0.9480010000000002 0.09296170946365007 1.0002929917108718
0 0.6277703905580095 0.6363360111851766 0.5621950000000002 0.6344580000000002 0.5617436002481228 0.683542988551521 0.6273189908061322 0.6854209997366973
0 0.228438 0.9961530000000001 0.22787567666860506 0.943191010690902 0.16642067666860505 0.9452230106909021 0.166983 0.9981850000000001
0 0.22986008225304294 0.7551849954932564 0.229032 0.708119 0.16281691774695708 0.7117470045067438 0.163645 0.7588130000000001
0 0.861499304961863 0.7522800009442685 0.795292 0.7520750000000002 0.795242695038137 0.8016639990557318 0.86145 0.8018690000000003
0 0.626907 0.7497400000000001 0.5633425008507715 0.7490829948407741 0.563175 0.7995500000000003 0.6267394991492286 0.8002070051592262
0 0.6951070000000001 0.5163180000000003 0.6943414061876492 0.46647198057149813 0.6232374061876491 0.4698729805714981 0.6240030000000001 0.5197190000000003
0 0.6306902205296472 0.8755430041807196 0.5640150000000002 0.8742790000000001 0.5636907794703531 0.9275389958192807 0.6303660000000001 0.9288030000000003
0 0.16136427287808858 0.7564039944553523 0.16105999996023238 0.7097699939050665 0.0993937 0.7110230000000001 0.0996979729178562 0.7576570005502861
0 0.394128 0.689869 0.39277836113422 0.6445939664747439 0.32975099999999996 0.6504450000000002 0.33110063886577995 0.6957200335252561
0 0.6965700377195169 0.17884499699179895 0.6951559999999998 0.123629 0.6239099622804829 0.12931100300820106 0.6253239999999999 0.18452700000000002
0 0.16097426098126988 0.8151299910518343 0.16042899988679593 0.7656049897178953 0.09611790000000002 0.76781 0.09666316109447397 0.8173350013339391
0 0.955936 0.797768 0.9551181217095817 0.7450229458333429 0.88827 0.748251 0.8890878782904184 0.8009960541666571
0 0.15247017498233625 0.3546599971953496 0.15220499999175124 0.303137998397313 0.09000192500941498 0.3041350012019634 0.0902671 0.355657
0 0.46683300000000005 0.930036 0.4664152033622761 0.8783109948846016 0.397798 0.880037 0.39821579663772394 0.9317620051153982
1 0.2326854320492932 0.2525539906478727 0.23212600000000005 0.172069 0.1593175679507069 0.17364500935212734 0.15987700000000002 0.2541300000000001
0 0.3934595144299574 0.40719599485411256 0.393289 0.35411099999999995 0.32201048557004264 0.3548240051458873 0.3221810000000001 0.4079089999999999
0 0.1588442668590299 0.2384830042162346 0.09168986688307504 0.2374219994767698 0.09141460000000001 0.291679 0.15856899997595486 0.2927400047394648
0 0.156742 0.585454 0.15607750492007996 0.535153003911548 0.08891590492007999 0.5379160039115478 0.08958039999999999 0.5882169999999999
1 0.6992272565288855 0.5804109934011418 0.6986900000000001 0.515369 0.6245167434711146 0.5172770065988582 0.6250540000000001 0.582319
0 0.9549920285723636 0.3436812157211764 0.953733 0.29011099999999995 0.8833719714276361 0.2952607842788235 0.8846309999999998 0.34883099999999995
0 0.4585940475842889 0.1669109875014918 0.454748 0.12131099999999997 0.39201295241571105 0.1377890124985082 0.39585899999999996 0.18338900000000002
0 0.22593435649718924 0.8138109962991923 0.225768 0.763906 0.1661396435028108 0.7645250037008078 0.16630600000000004 0.8144300000000001
0 0.6270142392312439 0.40585098952397036 0.626254 0.351786 0.5564667607687562 0.35484201047602965 0.557227 0.408907
0 0.864828001415678 0.3365350286106612 0.8622739598762312 0.28491818910397226 0.7958529584605532 0.29515316049331114 0.7984069999999999 0.3467700000000001
0 0.39881300000000003 0.993003 0.39839621029051475 0.9407079947805937 0.334375 0.9422970000000004 0.33479178970948525 0.9945920052194066
0 0.4541655251949511 0.39969593699100026 0.452361 0.3528549999999999 0.38960447480504895 0.3603840630089997 0.39140900000000006 0.40722500000000006
0 0.8694720000000001 0.572234 0.8693720000000001 0.5165210000000001 0.7949879996120928 0.5169367838851769 0.7950879996120928 0.5726497838851767
0 0.21790704141836736 0.3542839977554305 0.217035 0.30417199999999994 0.15519995858163257 0.30752300224456935 0.15607199999999996 0.3576349999999999
0 0.8665066015456833 0.395600922320454 0.864452 0.34605199999999997 0.7951349640808694 0.35500313377159864 0.7971895656265526 0.4045520560920527
0 0.8652439999999999 0.2206450000000001 0.8622661348102848 0.1647329776402201 0.7873719999999998 0.17715500000000003 0.790349865189715 0.23306702235978002
0 0.7028814569415012 0.7458059982612761 0.702809 0.6865059999999998 0.6281725430584989 0.6867900017387237 0.628245 0.74609
0 0.39464400000000005 0.580419 0.39413452263777293 0.5284740145805523 0.32056852263777286 0.5307210145805524 0.321078 0.582666
0 0.6255520139184276 0.5189337658426302 0.6245369957630973 0.4630837668701718 0.5533279818446696 0.46711400102754164 0.5543429999999999 0.522964
0 0.6260341139009797 0.22945899201285802 0.6247999999999999 0.17465199999999992 0.55649188609902 0.1794420079871419 0.5577259999999999 0.234249
0 0.62433 0.4635060000000001 0.6224564181737832 0.4115589530307884 0.5534209999999999 0.419313 0.5552945818262168 0.47126004696921164
0 0.9520095115735998 0.5109109256256551 0.9495619999999999 0.458484 0.8797254884264001 0.46863707437434493 0.882173 0.521064
0 0.2276455321143392 0.1306739044207288 0.22446499999999997 0.07553150000000002 0.15621546788566076 0.08779059557927131 0.15939599999999998 0.1429330000000001
0 0.39300025214796525 0.3522719913799515 0.39245799962485356 0.3028759658263563 0.332404 0.304929 0.3329462525231116 0.35432502555359524
0 0.6905886657240466 0.2981360531439649 0.6244590000000001 0.29285700000000014 0.6231653342759536 0.3433239468560355 0.6892950000000001 0.3486030000000003
0 0.4592368606641178 0.2982529424640362 0.45810999856700746 0.24575893324513712 0.3896279999999999 0.250337 0.39075486209711024 0.3028310092188991
0 0.959518 0.7378119999999999 0.9576042635478186 0.6867619692326412 0.8883749999999999 0.6948439999999998 0.8902887364521813 0.7458940307673585
0 0.693207 0.2395380000000001 0.6232599999999999 0.2386970000000001 0.6230573983398849 0.2911730047893956 0.6930043983398851 0.2920140047893956
0 0.46082999999999996 0.515811 0.45895723955586487 0.46351497328439534 0.389087 0.471307 0.39095976044413516 0.5236030267156047
0 0.22491999999999998 0.585506 0.2247061293950324 0.5350539982918147 0.15865199999999996 0.5359259999999999 0.15886587060496754 0.5863780017081852
0 0.863112 0.277007 0.8606612996950764 0.22236295814265628 0.7922482996950765 0.2319179581426562 0.794699 0.28656199999999993
0 0.22128100000000003 0.40660600000000013 0.21933921384192573 0.3549509749662249 0.148892 0.3631980000000001 0.1508337861580743 0.4148530250337753
0 0.9488816192681303 0.28500297384555023 0.948186 0.23371099999999997 0.8794973807318698 0.23661202615444973 0.8801930000000001 0.287904
0 0.6250773152827603 0.5740539754818343 0.623781 0.522142 0.5560386847172399 0.5274100245181658 0.5573350000000001 0.5793220000000001
1 0.9550419999999998 0.24262199999999995 0.9550081208762625 0.17662999980674682 0.8874559999999999 0.17673799999999998 0.8874898791237372 0.24273000019325308
0 0.692095 0.23384299999999997 0.691281129489367 0.18404199340983984 0.624573 0.18743699999999996 0.625386870510633 0.2372380065901601
0 0.9536940385587883 0.5702019958311353 0.951792 0.515416 0.8827279614412117 0.5228830041688647 0.8846299999999999 0.577669
0 0.7009870000000001 0.9321030000000002 0.6343910000000001 0.9303050000000003 0.633929736079636 0.9835100198731337 0.700525736079636 0.9853080198731337
0 0.22861100000000006 0.4775980000000001 0.1590989964624425 0.4767148671254591 0.15888199646244247 0.5299058671254591 0.22839400000000007 0.5307890000000001
0 0.951849843234935 0.4519299270164159 0.9503349999999997 0.3974249999999999 0.8809191567650646 0.40343307298358405 0.8824339999999998 0.45793799999999996
0 0.38819600000000004 0.18054000000000006 0.31620195417350144 0.17833999859962923 0.315596 0.24009300000000006 0.3875900458264986 0.24229300140037088
0 0.39543200000000006 0.7499140000000002 0.39422959774500493 0.6952319590677434 0.327346 0.699812 0.3285484022549951 0.7544940409322568
0 0.1584685655485015 0.9371459960029692 0.15835299999198035 0.8862239964662919 0.09340753444347885 0.8866830004633225 0.0935231 0.9376049999999999
0 0.3951000040859715 0.8913616980589083 0.3287130000000001 0.888564 0.32804298647536656 0.9380759994300415 0.39442999056133804 0.9408736974889498
0 0.463815 0.811127 0.4619731684153633 0.7603770939865695 0.3948971684153634 0.7679580939865694 0.396739 0.818708
0 0.4603320000000001 0.5818160000000001 0.39534590227492583 0.5777089938239487 0.394258 0.6313170000000001 0.45924409772507424 0.6354240061760515
0 0.6245870061258552 0.34709967288059235 0.6240719967662364 0.2905296447946228 0.55468 0.292497 0.5551950093596187 0.34906702808596957
0 0.6227059999999999 0.17239099999999996 0.6214463516812054 0.1228809721355826 0.5582139999999999 0.127891 0.5594736483187944 0.17740102786441736
0 0.39714700000000003 0.4110260000000001 0.32109200000000004 0.4102830000000001 0.3209104421978305 0.4681590043199395 0.3969654421978304 0.46890200431993945
0 0.867043026006569 0.16125499788158526 0.865615 0.10666000000000002 0.7902499738988934 0.11279900212611546 0.7916779999054625 0.1673940000077007
0 0.8581900152470694 0.45295799912912693 0.857229 0.400561 0.7920999847529308 0.4042810008708731 0.7930610000000001 0.45667800000000003
0 0.457354 0.458177 0.455233 0.40738300000000005 0.3932649685920382 0.41544124783780684 0.3953859685920382 0.4662352478378068
0 0.8684174217290849 0.873930011781206 0.806417 0.8721980000000001 0.805964578270915 0.9226329882187942 0.8679649999999999 0.9243650000000001
0 0.45837799999999995 0.35118400000000005 0.4571023392742171 0.3000679736322166 0.3923809750921305 0.30509800193579495 0.3936566358179133 0.35621402830357835
0 0.7012760054744482 0.8692222551482204 0.6318410000000001 0.867633 0.6314389926515214 0.9223299998318053 0.7008739981259695 0.9239192549800256
0 0.23172299999999998 0.47051699999999996 0.23156017283943478 0.4139519984505893 0.157155 0.41461899999999996 0.1573178271605652 0.47118400154941065
0 0.15941900000000003 0.15924000000000002 0.08453873444220686 0.15448298948240693 0.08317809974114515 0.22118201268920087 0.1580583652989383 0.22593902320679396
0 0.39550500000000005 0.816491 0.3952311954398911 0.761310996979931 0.329676 0.7623239999999999 0.329949804560109 0.8175040030200688
0 0.22945630214756835 0.6962269850678854 0.22864800000000002 0.6452920000000001 0.15899969785243165 0.6487340149321147 0.159808 0.6996690000000001
0 0.7072265123285967 0.802072959771124 0.705821 0.7463300000000002 0.6315224876714034 0.7521640402288762 0.632928 0.807907
0 0.22561202494635754 0.8898703683387449 0.16723000000000005 0.88269 0.16507896069764882 0.9371559951662287 0.22346098564400635 0.9443363635049735
0 0.08360449999999994 0.3978699999999999 0.02915318097999462 0.34659688792693755 0.014810899999999983 0.39402999999999994 0.06926221902000532 0.44530311207306233
0 0.468593 0.523027 0.395112275715597 0.5219109889997089 0.394836 0.57856 0.468316724284403 0.5796760110002911
0 0.15959300000000004 0.52816 0.1591467959648367 0.4764439786131445 0.09420229596483669 0.4781889786131445 0.0946485 0.529905
0 0.15865100000000001 0.6991100000000001 0.1583966355526737 0.6488909899749977 0.09576049489535741 0.6498789921936807 0.09601485934268375 0.7000980022186831
0 0.956309 0.39762699999999995 0.95557930356582 0.34521098683939727 0.884558 0.34828999999999993 0.8852876964341799 0.40070601316060256
0 0.693758877242952 0.4625879700413032 0.6931649996256319 0.40843296586181604 0.6267530000000001 0.410701 0.6273468776173201 0.46485600417948714
0 0.49113412542435864 0.7470889945405444 0.49036100000000005 0.691776 0.4062308745756414 0.6954380054594554 0.407004 0.750751
0 0.4697656083113345 0.9378670082908882 0.39976900000000004 0.936913 0.39954039168866556 0.9891479917091118 0.46953700000000004 0.9901020000000003
0 0.39007899999999995 0.301166 0.38973174469300287 0.24754300514879038 0.3232867446930029 0.2488830051487904 0.323634 0.302506
0 0.15550405290886585 0.1204999998852115 0.155462 0.060137 0.08678399965196933 0.060286000434665345 0.08682605256083521 0.12064900031987683
0 0.46890500000000007 0.692202 0.46880613221932993 0.637964999249417 0.39517313221932987 0.6383829992494169 0.395272 0.6926199999999999
0 0.3966382119441272 0.6354019691730342 0.394162 0.5823840000000001 0.31836178805587295 0.5934090308269658 0.32083800000000007 0.646427
0 0.08173430909521216 0.7458507380318847 0.04353870000000004 0.7417209999999999 0.039887465785043576 0.8468869854885778 0.0780830748802557 0.8510167235204626
0 0.480927 0.225789 0.4764921300496649 0.15941597293904197 0.385744 0.178299 0.39017886995033507 0.244672027060958
1 0.233161681030506 0.24716541781282927 0.15732631362028776 0.24672059519997117 0.15719416834375458 0.3168792493187315 0.2330295357539728 0.31732407193158957
1 0.3971630000000001 0.46396800000000005 0.32219800000000004 0.46230600000000005 0.3216874860719285 0.5340160107763828 0.3966524860719286 0.535678010776383
0 0.3941493417539545 0.11447001993776199 0.311992 0.10967700000000005 0.31074365824604555 0.17631398006223817 0.39290100000000006 0.18110700000000007
1 0.0001245312718206104 0.0009354847002777789 0.00012433488506924536 0.0009019503678433698 0.00008035621741530164 0.0009027524322714734 0.00008055260416666666 0.0009362867647058825
1 0.00024822993286409027 0.0009397965680640946 0.0002461618603802017 0.0008933346474850474 0.00020935276084944483 0.0008984369764797763 0.00021142083333333333 0.0009448988970588235