1 0.357724 0.9539060000000001 0.357151 0.8468289999999999 0.324026984684786 0.8473810088880208 0.324599984684786 0.954458008888021
1 0.09562499999999999 0.23455900000000002 0.0952440479359787 0.12747987336173572 0.062119047935978715 0.12784687336173572 0.06249999999999999 0.234926
1 0.125724 0.23352899999999996 0.12515099999999998 0.126452 0.09202698468478605 0.1270040088880209 0.09259998468478604 0.23408100888802086
1 0.15583300000000003 0.23209600000000002 0.15526000000000004 0.12501800000000002 0.12213598999876878 0.12557000364426113 0.12270898999876877 0.23264800364426114
1 0.330323 0.22672799999999999 0.32975 0.11965099999999997 0.296625984684786 0.12020300888802087 0.297198984684786 0.22728000888802088
1 0.390083 0.22672800000000007 0.3897010099359582 0.11964887798773033 0.35657600993595817 0.12001687798773031 0.356958 0.22709600000000005
1 0.41983300000000007 0.225349 0.4194510099359582 0.11826987798773034 0.38632600993595817 0.11863787798773033 0.3867080000000001 0.225717
1 0.4495830000000001 0.22396100000000005 0.44920100993595824 0.11688187798773035 0.41607600993595817 0.11724987798773034 0.41645800000000005 0.22432900000000003
1 0.5090829999999998 0.22166399999999997 0.5087020443745086 0.11458387229326958 0.47557704437450865 0.11495087229326956 0.47595799999999994 0.22203099999999998
1 0.56963 0.219357 0.5692490443745087 0.11227687229326959 0.5361240443745087 0.11264387229326957 0.5365049999999999 0.21972399999999997
1 0.600682 0.21935700000000005 0.600109 0.11227900000000003 0.5669849899987688 0.11283100364426112 0.5675579899987687 0.2199090036442611
1 0.66149 0.21797799999999998 0.660917 0.11090099999999999 0.6277929846847861 0.11145300888802089 0.628365984684786 0.21853000888802088
1 0.7220309999999999 0.21614 0.7216500443745085 0.10905987229326958 0.6885250443745087 0.10942687229326956 0.688906 0.21650699999999998
1 0.7517860000000002 0.21337300000000003 0.7514040099755881 0.10629388909672405 0.718279009975588 0.10666188909672403 0.7186610000000001 0.213741
1 0.843646 0.211535 0.8432640099359581 0.10445587798773034 0.8101390099359581 0.10482387798773034 0.810521 0.211903
1 0.873646 0.21332700000000002 0.8722142114857883 0.1039127872776876 0.8373084603968217 0.10533526930701216 0.8387402489110335 0.21474948202932456
1 0.06596350000000001 0.367647 0.06558150993992111 0.26056787909862983 0.032456509939921115 0.2609358790986298 0.03283850000000001 0.368015
1 0.095974 0.365349 0.09559200993595808 0.2582698779877304 0.06246700993595808 0.2586378779877304 0.062849 0.36571700000000007
1 0.15573400000000007 0.3653490000000001 0.1553520099359581 0.2582698779877304 0.12222700993595809 0.2586378779877304 0.12260900000000001 0.3657170000000001
1 0.21601599999999996 0.362583 0.21563504793203725 0.25550387225385485 0.18251004793203726 0.25587087225385485 0.182891 0.36295
1 0.246031 0.362123 0.245458 0.255046 0.21233398468478606 0.2555980088880209 0.21290698468478605 0.3626750088880209
1 0.330844 0.3612040000000001 0.3304620099359582 0.25412487798773037 0.2973370099359582 0.2544928779877303 0.297719 0.361572
1 0.450365 0.356599 0.449792 0.24952200000000002 0.416667984684786 0.25007400888802095 0.41724098468478604 0.3571510088880209
1 0.4793329999999999 0.35659900000000005 0.47895100993595807 0.24951987798773037 0.4458260099359581 0.24988787798773035 0.446208 0.35696700000000003
1 0.509604 0.35567999999999994 0.5090309999999999 0.2486029999999999 0.47590698468478604 0.24915500888802083 0.476479984684786 0.35623200888802087
1 0.5398799999999999 0.354752 0.5394990479320373 0.24767287225385481 0.5063740479320372 0.2480398722538548 0.5067549999999998 0.355119
1 0.5701509999999999 0.35291399999999995 0.5697700443745087 0.24583387229326956 0.5366450443745084 0.24620087229326953 0.5370259999999997 0.35328099999999996
1 0.6009429999999998 0.35245399999999993 0.6003699999999998 0.24537700000000004 0.567245984684786 0.2459290088880209 0.567818984684786 0.3530060088880208
1 0.6317400000000001 0.35014700000000004 0.6313580099359581 0.24306787798773039 0.5982330099359582 0.24343587798773042 0.5986150000000001 0.3505150000000001
1 0.6925420000000001 0.349687 0.6921600099359583 0.24260787798773034 0.6590350099359583 0.24297587798773032 0.6594170000000001 0.350055
1 0.7228179999999998 0.349228 0.7222449999999998 0.24215100000000003 0.689120984684786 0.2427030088880209 0.6896939846847859 0.34978000888802085
1 0.753089 0.3478490000000001 0.7527070099359583 0.2407698779877304 0.7195820099359582 0.24113787798773037 0.7199639999999999 0.34821700000000005
1 0.81337 0.3460019999999999 0.8129890479320372 0.23892287225385486 0.7798640479320371 0.23928987225385487 0.780245 0.3463689999999999
1 0.7502190000000001 0.579494 0.749837009935958 0.47241487798773035 0.7167120099359583 0.4727828779877304 0.7170940000000002 0.579862
1 0.6891509999999997 0.5808730000000001 0.6887690099359579 0.4737938779877305 0.6556440099359581 0.4741618779877305 0.656026 0.5812410000000001
1 0.56676 0.5831800000000001 0.5663780099359582 0.4761008779877303 0.5332530099359583 0.47646887798773024 0.533635 0.5835480000000001
1 0.386953 0.586406 0.38657100993595805 0.47932687798773027 0.3534460099359581 0.4796948779877303 0.35382800000000003 0.586774
1 0.206885 0.59239 0.206313 0.4853120000000001 0.17318898312547518 0.48586304040145784 0.1737609831254752 0.5929410404014577
1 0.17687499999999998 0.592849 0.176302 0.4857719999999999 0.143177984684786 0.48632400888802096 0.14375098468478603 0.5934010088880209
1 0.0333385 0.9626560000000001 0.03295650945559548 0.8555768791013213 -0.0001684485444045152 0.8559448791013213 0.0002135419999999999 0.9630240000000001
1 0.0633542 0.962656 0.0627812 0.855579 0.029657184684786043 0.856131008888021 0.03023018468478605 0.9632080088880208
1 0.12232799999999999 0.9612779999999999 0.12194704322447296 0.8541978722995878 0.08882214322447296 0.8545648722995879 0.0892031 0.9616449999999997
1 0.206885 0.725947 0.206313 0.6188690000000001 0.17318898312547518 0.6194200404014577 0.1737609831254752 0.7264980404014576
1 0.237156 0.7250179999999999 0.236583 0.617941 0.20345898468478602 0.618493008888021 0.20403198468478603 0.7255700088880209
1 0.297964 0.9580509999999999 0.297391 0.8509739999999999 0.26426698468478604 0.8515260088880208 0.26483998468478603 0.9586030088880207
1 0.327453 0.7208730000000001 0.327071009935958 0.6137938779877304 0.293946009935958 0.6141618779877305 0.294328 0.721241
1 0.35746399999999995 0.7213419999999999 0.35689099999999996 0.6142649999999998 0.32376698468478604 0.6148170088880207 0.32433998468478603 0.7218940088880208
1 0.41748399999999997 0.7204139999999998 0.4171030443745087 0.6133338722932696 0.38397804437450866 0.6137008722932696 0.38435899999999995 0.7207809999999998
1 0.5085630000000001 0.716268 0.508181009935958 0.6091888779877304 0.4750560099359581 0.6095568779877304 0.4754380000000001 0.716636
1 0.568063 0.7185750000000001 0.567681021467157 0.611495877923688 0.5345550214671572 0.611863877923688 0.534937 0.7189430000000001
1 0.6596610000000002 0.7167280000000001 0.6592790099755882 0.6096488890967242 0.6261540099755881 0.610016889096724 0.6265360000000001 0.717096
1 0.689932 0.717197 0.689359 0.610119 0.656234989998769 0.6106710036442609 0.6568079899987688 0.717749003644261
1 0.720469 0.7158089999999999 0.7200880479320373 0.6087298722538548 0.6869630479320372 0.6090968722538549 0.687344 0.7161759999999999
1 0.7804900000000001 0.713971 0.7799170000000001 0.606893 0.7467929899987688 0.6074450036442611 0.7473659899987688 0.7145230036442611
1 0.418526 0.9548249999999998 0.41814400993595807 0.8477458779877303 0.38501900993595817 0.8481138779877303 0.38540100000000005 0.9551929999999998
1 0.388255 0.9539059999999999 0.387682 0.846829 0.354557984684786 0.8473810088880209 0.355130984684786 0.9544580088880208
1 0.035968799999999995 0.23617599999999997 0.03579491080232726 0.12942407897647068 0.0030709008023272646 0.12959007897647062 0.00324479 0.2363419999999999
1 0.9368921926892998 0.7270781675099343 0.8806249999999999 0.6776650000000001 0.8654946448102603 0.7313195236503098 0.9217618374995602 0.7807326911602441
0 0.8433609910893836 0.024734750574236 0.7832733352986022 0.013119589637619278 0.7804948071056944 0.057882622505923624 0.8405824628964758 0.06949778344254035
0 0.061807299999999996 0.223006 0.061427639772371236 0.12390728861042183 0.03030067351675204 0.12427866009867658 0.030680333744380797 0.22337737148825476
0 0.18283968408369333 0.2268374079066711 0.182724 0.11507399999999998 0.15298333844615566 0.1151698670285888 0.153099022529849 0.22693327493525994
0 0.213802 0.22610299999999994 0.21294605050505114 0.11390537472537052 0.18202026302172503 0.11464010833885095 0.1828762125166739 0.2268377336134804
0 0.298292 0.223989 0.2974360017171207 0.11178135276158498 0.266509213871507 0.11251608639228268 0.2673652121543863 0.2247237336306977
0 0.358073 0.11516500000000007 0.3283337310964459 0.11498100452325988 0.32813834314077345 0.213329019069869 0.3578776120443275 0.21351301454660923
0 0.4778755580284892 0.21578430527250106 0.4771349999999999 0.11433799999999997 0.45050797188891084 0.11494332724806178 0.4512485299174001 0.21638963252056287
0 0.539214 0.09603860000000011 0.509474729507989 0.09585480450852628 0.5092377797752088 0.21525261067662024 0.5389770502672196 0.21543640616809406
0 0.6281837130527886 0.10516545177816043 0.601552 0.10427400000000013 0.6003992869472113 0.2115165482218398 0.627031 0.21240800000000012
0 0.69099 0.206893 0.69026 0.100827 0.6623729811741511 0.101424713996599 0.6631029811741512 0.20749071399659896
0 0.7803714945904544 0.20331280046630412 0.779635 0.109099 0.7526839015534817 0.10975510927232719 0.7534203961439362 0.20396890973863133
0 0.814219 0.20799599999999993 0.8118925005335652 0.09632189400167959 0.7825609780448544 0.09822485437897684 0.7848874775112892 0.2098989603772972
0 0.8737604801231351 0.34233061540114096 0.8730050000000001 0.23927399999999993 0.8460542343982975 0.23988926603462493 0.8468097145214326 0.342945881435766
0 0.8433330000000001 0.35367600000000005 0.8416880000000001 0.24977000000000005 0.814737222619401 0.25109874376380975 0.816382222619401 0.35500474376380975
0 0.78151 0.351011 0.780781 0.24420999999999998 0.755572268656803 0.24474585571361823 0.756301268656803 0.35154685571361827
0 0.659844 0.347978 0.6569407588096932 0.2484972683822313 0.6276177588096932 0.25116226838223127 0.630521 0.350643
0 0.41683038940337785 0.2582526782315227 0.38948804759400457 0.257582117746212 0.38869800000000004 0.35790400000000006 0.4160403418093733 0.35857456048531083
0 0.38914989617354595 0.26382440073444974 0.3615867221344294 0.26256244972254333 0.36019682596088337 0.35710204898809367 0.38776 0.35836400000000007
0 0.3581774433955823 0.36421923875658857 0.357448 0.256893 0.3301035566044177 0.2574717612434115 0.330833 0.364798
0 0.296563 0.28419100000000014 0.2727022717146017 0.2813572212863732 0.2693162717146017 0.3701442212863731 0.293177 0.37297800000000003
0 0.18142097096328907 0.36403576148841926 0.18000499999999997 0.26228899999999994 0.15305294131076594 0.263457074015785 0.15446891227405504 0.3652038355042043
0 0.121146 0.36948500000000006 0.11889600000000003 0.25921900000000003 0.09030394930022129 0.2610358993503113 0.09255394930022126 0.3713018993503113
0 0.03147400000000003 0.263061 0.003232791477690029 0.26247438779208176 0.0024358914776900224 0.3819503877920818 0.030677100000000027 0.382537
0 0.02700520000000005 0.483355 0.00006480765498194096 0.48325420512016753 -0.000065392345018064 0.5916272051201678 0.026875000000000045 0.5917280000000001
0 0.05907432768938621 0.5940244678643863 0.0589583 0.48069900000000004 0.027241497207003418 0.480800127248614 0.02735752489638962 0.5941255951130002
0 0.08864734993380113 0.5935026872363632 0.08811460000000002 0.489118 0.06097765006619888 0.48954931276363683 0.0615104 0.593934
0 0.11537038878564104 0.592526671748432 0.11399000000000001 0.482206 0.08704246593779859 0.48325604574886233 0.08842285472343964 0.5935767174972943
0 0.027291699999999995 0.740257 0.027218700000000002 0.633796 0.00027483348327828663 0.6338535356341044 0.00034783348327828146 0.7403145356341044
0 0.05745625533890096 0.6416795213539266 0.030988171881813905 0.6413468920735054 0.03061521654291299 0.7337663707195788 0.057083300000000045 0.7340990000000001
0 0.08744603992004968 0.7309595507473077 0.0870312 0.642647 0.06007850526453976 0.6430412802037927 0.060493345184589445 0.7313538309511004
0 0.11605207859254675 0.7528507872956506 0.115078 0.6460749999999998 0.08812578201369062 0.6468407030795661 0.08909986060623737 0.7536164903752168
0 0.16966700000000004 0.6330329999999998 0.1421438817488798 0.6308650156164594 0.13938185171834952 0.7400629817176465 0.16690496996946977 0.7422309661011869
0 0.233911751409972 0.5890083699234031 0.23266099999999998 0.480846 0.20562424859002798 0.4818196300765968 0.206875 0.589982
0 0.264688 0.5724260000000001 0.2635054648485329 0.4730130565014705 0.2362134648485329 0.4740240565014705 0.237396 0.5734370000000001
0 0.29396307180694353 0.5799714409397834 0.29110968209917826 0.4717045051042352 0.264177 0.47391499999999986 0.2670303897077653 0.582181935835548
0 0.32212173173513653 0.5806794835891724 0.32087000000000004 0.479467 0.2939174407511211 0.4805050585676425 0.29516917248625757 0.5817175421568149
0 0.35343800000000003 0.585294 0.35114100000000004 0.46749100000000016 0.3241944173681578 0.469127262612578 0.3264914173681578 0.5869302626125779
0 0.26436197511925547 0.7348921207451121 0.26162566994810005 0.6202045131913585 0.23468799999999995 0.622206 0.23742430517115537 0.7368936075537537
0 0.29341750035101616 0.7233506691064362 0.292682 0.629136 0.2657309069571037 0.6297912173775866 0.2664664073081199 0.7240058864840228
0 0.3837495804263364 0.7419805166303713 0.38141099999999994 0.6305150000000002 0.35432841957366357 0.6322844833696287 0.356667 0.7437499999999999
0 0.44351640932175684 0.7197595488733218 0.441698 0.6167 0.4147490147119795 0.6181807798497881 0.41656742403373637 0.72124032872311
0 0.475833 0.735846 0.47327099999999994 0.613934 0.4452732199425916 0.615766318361136 0.4478352199425917 0.7376783183611361
0 0.41364600000000007 0.4704960000000001 0.38578685864202866 0.4703030059482381 0.38553292684132484 0.5844555414170989 0.41339206819929625 0.5846485354688609
0 0.44505199999999995 0.583456 0.444323 0.46911800000000003 0.4151677211380996 0.46969689367357104 0.4158967211380995 0.5840348936735709
0 0.47468699999999997 0.47518400000000005 0.4468046809804912 0.47477325103559354 0.44628468098049123 0.5846992510355936 0.47416699999999995 0.5851100000000001
0 0.5036005003510162 0.5749226691064362 0.5028650000000001 0.480708 0.4759129071468578 0.48136324168432054 0.4766484074978739 0.5755779107907567
0 0.5342771208087004 0.5794117985373731 0.533557 0.471314 0.506606600272233 0.4718731114533026 0.5073267210809334 0.5799709099906757
0 0.5358392881174603 0.7136285822990773 0.5351200000000002 0.6161029999999998 0.5081731416075433 0.6167219237391844 0.5088924297250036 0.7142475060382619
0 0.5985071759782855 0.5821940195257247 0.5965100000000001 0.4724260000000001 0.5670393882517657 0.4740958379344165 0.5690365642300511 0.583863857460141
0 0.6291669999999999 0.5829040000000001 0.6265590805426978 0.46176694241245686 0.596305571251914 0.46379526757882344 0.5989134907092161 0.5849323251663665
0 0.658196940297584 0.4771178169668345 0.6312500000000001 0.47590100000000024 0.6297720597024162 0.5778271830331658 0.6567190000000002 0.5790440000000001
0 0.600052 0.736581 0.599323 0.622151 0.5676812594600188 0.6227787585870416 0.5684102594600188 0.7372087585870416
0 0.6263540000000002 0.721048 0.6256250000000001 0.6155509999999998 0.5986734313056592 0.6161309841606658 0.5994024313056592 0.721627984160666
0 0.7203130000000001 0.579596 0.7180071558616331 0.4712243436173536 0.6883531548491699 0.47318925153028557 0.6906589989875369 0.581560907912932
0 0.7797919999999999 0.5757350000000001 0.7771879999999999 0.469669 0.7482244900376156 0.4718834233217147 0.7508284900376156 0.5779494233217148
0 0.7494354520274877 0.7479999364548211 0.748698 0.617739 0.7186113020547785 0.6182694430586103 0.7193487540822663 0.7485303795134314
0 0.08678108338254005 0.9590656193668449 0.0860469 0.8564979999999999 0.05910067199369277 0.857098671355358 0.05983485537623283 0.959666290722203
0 0.1748032932941927 0.9583261109608353 0.17310900000000004 0.8537409999999999 0.1461595415719847 0.8551006071481595 0.1478538348661774 0.959685718108995
0 0.20266624341108758 0.956334061277001 0.201917 0.84932 0.17496537181428337 0.8499076405540332 0.17571461522537093 0.9569217018310342
0 0.23239600000000002 0.9521140000000002 0.231042 0.84545 0.2040894220870338 0.8465154811605392 0.20544342208703378 0.9531794811605394
0 0.26369800000000004 0.9504600000000001 0.2607838070796805 0.8362870157039852 0.233849 0.838428 0.2367631929203195 0.9526009842960148
0 0.32512326329593605 0.9520142942493917 0.3231089999999999 0.847105 0.29616798472317796 0.8487158715020215 0.2981822480191141 0.9536251657514131
0 0.9165719653985922 0.7853705515460007 0.864583 0.7409930000000001 0.8546780346014078 0.7771294484539997 0.906667 0.8215070000000002
0 0.9486701977976634 0.6793215694342651 0.8867709999999999 0.6202210000000006 0.873467321619099 0.6636130091283395 0.9353665194167625 0.722713578562604
0 0.9586480662676672 0.6274716444615728 0.9032805852543805 0.5794167144850225 0.8922885189867134 0.6188570700234499 0.9476559999999999 0.6669120000000002
0 0.975779287877899 0.5816115034921547 0.9123716802930819 0.5237931143859376 0.8995310000000001 0.5676470000000005 0.9629386075848172 0.6254653891062177
0 0.9912499999999999 0.5312500000000002 0.9319456804463436 0.4719460087747572 0.9168936804463438 0.5188210087747571 0.976198 0.5781250000000002
0 1.00237503135909 0.480854791286986 0.9393094856198767 0.4278859744045941 0.9274034542607866 0.47203118311760833 0.9904689999999999 0.5250000000000002
0 1.0119019580828839 0.43406145093088117 0.953281 0.3808820000000002 0.9401959076151745 0.4258010458974868 0.9988168656980582 0.4789804968283677
0 1.010475811814566 0.3666168860410297 0.9653129999999999 0.3334560000000002 0.9548371881854335 0.3778871139589708 0.9999999999999998 0.4110480000000003
0 1.0083736751180283 0.3070007963870973 0.9786692158667207 0.29058340352724393 0.9702435407486923 0.33805860714014685 0.9999480000000001 0.35447600000000024
0 1.0068847579191862 0.24979903246796292 0.9868723207746758 0.24105826787420662 0.9799875628554896 0.2901472354062438 1.0000000000000002 0.29888800000000015
1 0.24582415250978046 0.23334314134782452 0.24512953371055787 0.1260344896950397 0.2124901750479607 0.12669244755336204 0.21318479384718325 0.23400109920614687