1 0.598896 0.23334300000000013 0.5179810000000001 0.23254900000000017 0.5177523097559897 0.30579800303956334 0.5986673097559897 0.3065920030395633
1 0.43595 0.0712072 0.43576827435669135 -0.0006534975593886402 0.353549 4.100546720683865e-19 0.35373072564330865 0.07186069755938865
1 0.432107 0.314002 0.4319423196527771 0.23891200468960064 0.35722831965277707 0.23942700468960063 0.357393 0.314517
1 0.09442940000000002 0.30178800000000006 0.02316287080964251 0.3014479993836546 0.023061700000000025 0.36809900000000007 0.09432822919035753 0.36843900061634555
1 0.599131 0.4093510000000002 0.5208650000000001 0.40625300000000014 0.5199944792139087 0.4753750189687054 0.5982604792139087 0.4784730189687054
1 0.36550168926741466 0.5840830308285136 0.28489968990348896 0.5804779861304707 0.28387400000000007 0.652555 0.3644759993639258 0.6561600446980429
1 0.19774 0.311966 0.197286 0.24154799999999998 0.11855999533436985 0.24314327633404478 0.11901399533436986 0.31356127633404485
1 0.09883480077105763 0.35834973138204923 0.024268200000000024 0.357677 0.024076697129612395 0.42439199997410365 0.09864329790067 0.42506473135615286
1 0.09330011138926382 0.002895640358183778 0.019240899999999995 0.0005665340000000027 0.018566688550718462 0.06794659963992873 0.09262589993998228 0.07027570599811252
1 0.8346455204438338 0.7491070615843753 0.7577834873972581 0.7400119393434651 0.7545169669534244 0.8267748777590899 0.8313790000000001 0.8358700000000002
1 0.3667 0.414542 0.287424268521043 0.4114589715528272 0.28657400000000005 0.48017600000000016 0.3658497314789571 0.483259028447173
1 0.09988969999999998 0.820092 0.09910053573817593 0.754252998653637 0.025838399999999994 0.7570129999999997 0.02662756426182405 0.8228520013463628
1 0.903801 0.5752070000000001 0.8345577710864216 0.5682069768583822 0.83235 0.6368470000000002 0.9015932289135784 0.6438470231416181
1 0.20120500000000002 0.356496 0.12110200000000002 0.353174 0.1201044935188673 0.4287720204670197 0.20020749351886732 0.4320940204670196
1 0.19525999999999993 4.1005467206838656e-17 0.11291020849663548 -0.003893223461321279 0.111755 0.07290640000000002 0.19410479150336446 0.07679962346132134
1 0.19681500000000002 0.540796 0.19651100000000002 0.4757589999999999 0.12029799842919602 0.47687866394612166 0.12060199842919601 0.5419156639461219
1 0.364694 0.2989070000000001 0.28126200000000007 0.2964140000000001 0.2806081839456365 0.36518597561578864 0.3640401839456365 0.3676789756157886
0 0.185722 0.35301199999999994 0.18543535398132935 0.3072559930301457 0.123779 0.30847 0.12406564601867061 0.35422600696985423
1 0.441177 0.7650310000000001 0.44116422050791926 0.694577999874286 0.36047799999999997 0.694624 0.36049077949208075 0.7650770001257141
1 0.09340370000000002 0.058133600000000014 0.02034146225236363 0.0561261989628754 0.01975230000000001 0.123523 0.09281453774763639 0.12553040103712462
0 0.8304394290722905 0.6945759939870617 0.8302 0.640877 0.770828995604033 0.641709014075416 0.7710684246763234 0.6954080080624777
0 0.4247024350469132 0.19357600564436228 0.36111400000000005 0.1927510000000001 0.36090056082536925 0.2444569943020843 0.4244889958722824 0.2452819999464465
0 0.5886510011996688 0.11159740130703277 0.5884959988082129 0.05974680132950223 0.5244669976085441 0.06034840002246946 0.524622 0.112199
0 0.09954271734078772 0.5340359998806847 0.09942459999999999 0.4800809999999999 0.03358748265921226 0.48053400011931524 0.0337056 0.534489
0 0.8279010000000001 1.8042405571009008e-16 0.762325387779903 -0.0008839191939797771 0.7621079999999999 0.04980470000000016 0.827683612220097 0.05068861919398012
0 0.18746200000000002 0.6430450000000001 0.18713180972340882 0.5957609822281702 0.123754 0.597152 0.12408419027659119 0.6444360177718299
1 0.6700520000000001 0.5339360000000001 0.669816533534723 0.4693039938907253 0.5871999963569654 0.47025000004171497 0.5874354628222425 0.5348820061509896
0 0.66217 0.1758060000000001 0.5970827226041139 0.17548999865323198 0.5969950000000002 0.23227900000000015 0.6620822773958863 0.2325950013467683
0 0.0915378768548283 0.30452999849241164 0.09139229999999997 0.250855 0.02651982314517169 0.2514080015075883 0.026665400000000002 0.30508299999999994
0 0.4270460347298354 0.30782600045718866 0.35966600000000004 0.30693900000000013 0.35943596527016475 0.36186099954281165 0.42681600000000003 0.3627480000000002
0 0.5903119999999998 0.23215500000000003 0.590042079681238 0.18186999865569217 0.5251379999999999 0.182965 0.5254079203187618 0.23325000134430784
0 0.5914179999999999 0.5387270000000001 0.5336942291383129 0.5358429614856278 0.5328939999999999 0.5861830000000001 0.590617770861687 0.5890670385143723
0 0.5939423253715542 0.6987749936282359 0.5935959999999999 0.643191 0.5311436746284458 0.644414006371764 0.5314900000000001 0.699998
0 0.5948060000000001 0.531251 0.5947172053792315 0.477563998932373 0.529696 0.4779020000000001 0.5297847946207686 0.5315890010676271
0 0.5902750000000001 0.829983 0.528668 0.8273650000000001 0.5280523420150017 0.8729000145339861 0.5896593420150019 0.8755180145339861
0 0.09460909999999999 0.7047089999999999 0.0942538158468575 0.6505269976124604 0.026129599999999996 0.6519309999999999 0.026484884153142492 0.7061130023875396
0 0.5932640095777652 0.7496829996189956 0.5926130000000001 0.6982469999999998 0.529314990422235 0.7007650003810042 0.529966 0.752201
0 0.178245 0.12343900000000003 0.17808335007330806 0.06896010606117955 0.11782135007330806 0.06952210606117955 0.11798300000000002 0.12400100000000003
0 0.8324740000000002 0.5226240000000002 0.760099428439418 0.5211239881540213 0.759707 0.5806350000000001 0.8320815715605822 0.582135011845979
0 0.3611670757665301 0.6539540025200278 0.29532300000000006 0.651764 0.29478392423347 0.7027049974799725 0.36062800000000006 0.7048950000000003
0 0.8917127257025458 0.22812997691623213 0.8911839999999999 0.175887 0.829282274297454 0.1778560230837678 0.829811 0.23009899999999997
0 0.8241121608543595 0.17969800523055224 0.7673730000000002 0.17785300000000018 0.7668618391456407 0.22725999476944814 0.823601 0.22910500000000017
0 0.587246 0.056611 0.5869630764215855 -0.0005476401889096188 0.517407 0.0005344609999999983 0.5176899235784145 0.057693101188909614
0 0.36018530632784806 0.7622830076454385 0.29415500000000006 0.7606350000000001 0.293702693672152 0.8175939923545618 0.359733 0.8192420000000001
0 0.5944020000000001 0.3057130000000001 0.5368342594164884 0.3032859687773172 0.536184 0.3517630000000001 0.5937517405835117 0.354190031222683
0 0.35588300000000006 0.06881300000000007 0.2866959749671036 0.06544749878231158 0.285846 0.12036700000000009 0.3550330250328964 0.12373250121768856
0 0.8296721417214455 0.4597739942476754 0.82901 0.40850100000000006 0.7656428582785545 0.41107300575232464 0.7663050000000001 0.46234600000000003
0 0.657414 0.0534493 0.6568173819759711 -0.0022910174693176644 0.588716 -3.280437376547092e-18 0.5893126180240291 0.055740317469317666
0 0.59393 0.36231600000000014 0.5290950000000002 0.3597840000000001 0.5284560392514294 0.4112079624799049 0.5932910392514291 0.41373996247990485
0 0.8210569999999999 0.283565 0.8206720402121398 0.23561399898534027 0.761146 0.237116 0.7615309597878601 0.2850670010146597
0 0.8958281231608028 0.5276960085221933 0.8318500000000001 0.5232690000000002 0.8307068768391973 0.5751919914778071 0.8946850000000001 0.5796190000000002
0 0.1899071551851815 0.19297501243112225 0.124056 0.1877 0.12273884481481852 0.23937998756887777 0.18859000000000004 0.244655
0 0.19046504514906523 0.42739900474421644 0.11617800000000003 0.41959300000000005 0.11428795485093479 0.4761259952557836 0.18857500000000002 0.483932
0 0.36282600000000004 0.705962 0.2951094715650087 0.7034459803659041 0.2944729881836572 0.7572869995609618 0.36218951661864845 0.7598030191950575
0 0.09906960000000004 0.42123500000000014 0.03006339656877095 0.42014168066961805 0.029778496568770955 0.47665868066961814 0.09878470000000003 0.4777520000000002
0 0.9024010000000001 0.6421920000000001 0.8385198506515867 0.6371149881304005 0.837183 0.6899830000000002 0.9010641493484134 0.6950600118695999
0 0.35479208000434675 0.005440832729513267 0.284504 0.003042810000000062 0.2839059197786355 0.058140497263082846 0.35419399978298227 0.060538519992596046
0 0.890042 0.344527 0.8899114310800549 0.29643699632134995 0.825694 0.29698500000000005 0.8258245689199452 0.34507500367865007
0 0.651947 0.6977100000000002 0.6518941879217566 0.6449209994091023 0.594013 0.6451030000000001 0.5940658120782435 0.697892000590898
0 0.830501 0.4610280000000002 0.7623706806633067 0.46034899681741376 0.762183 0.5195370000000001 0.8303133193366933 0.5202160031825865
1 0.200761 0.5953859999999999 0.1993763581707684 0.5250099778512911 0.12115635817076839 0.529846977851291 0.122541 0.6002229999999998
0 0.358175 0.24932400000000007 0.279908 0.24637800000000007 0.27925641452095373 0.3007860156027283 0.35752341452095376 0.3037320156027283
0 0.3622460254479231 0.5286309994511702 0.3618939999999999 0.477329 0.2928989745520767 0.47881700054882986 0.29325099999999993 0.530119
0 0.4341154118484579 0.7686110244463162 0.36229600000000006 0.7643480000000001 0.3612295881515422 0.820814975553684 0.4330490000000001 0.8250780000000001
0 0.3572200325884089 0.8205019665318091 0.2894150345502767 0.8137819043155756 0.287643 0.869978 0.35544799803813215 0.8766980622162335
0 0.35997689345414174 0.5315490335591284 0.2941098939028214 0.5290749960148724 0.29342500000000005 0.5863850000000002 0.35929199955132046 0.5888590375442563
0 0.09326750000000002 0.19541700000000004 0.03162535744117646 0.18885699547085708 0.029871400000000024 0.24065800000000004 0.09151354255882357 0.24721800452914297
0 0.09739660000000004 0.5962020000000001 0.02883519639142101 0.5942133910317968 0.028306596391421 0.6514933910317967 0.09686800000000004 0.6534820000000001
0 0.6572499999999999 0.10759999999999999 0.6571119718316294 0.055038791978807095 0.5919289718316295 0.055576791978807105 0.592067 0.10813799999999998
1 0.835281 0.696154 0.7593496754894932 0.6878259644081666 0.757109 0.7520360000000001 0.833040324510507 0.7603640355918336
0 0.8237900000000001 0.05642370000000019 0.7629778784260297 0.05430259575954518 0.76243 0.10367200000000015 0.8232421215739705 0.10579310424045515
0 0.09990360101582824 0.5957928025749444 0.09983169975062675 0.5389858029777915 0.033670798734798515 0.5392490004028473 0.0337427 0.596056
0 0.43264699999999995 0.585965 0.43211711754631416 0.5265979967024684 0.362285 0.5285569999999999 0.36281488245368576 0.5879240032975315
0 0.6660614504718773 0.4177700504364222 0.5941084544445144 0.40971393891768154 0.592054 0.4673860000000002 0.6640069960273628 0.47544211151874094
0 0.5119290590223464 0.31082012994014335 0.47755899999999996 0.3034920000000001 0.4688149409776535 0.43238987005985674 0.503185 0.4397180000000001
0 0.6672370088968914 0.5282469206298316 0.5905420000000002 0.5262600000000002 0.5900199911031089 0.5895900793701687 0.6667150000000001 0.5915770000000001
0 0.902815 1.878768038526876e-16 0.827749 1.797279429884398e-16 0.827749 0.04728990000000019 0.902815 0.0472899000000002
0 0.593534 0.640874 0.5926835961148382 0.5912689678800414 0.5360785961148383 0.5943189678800415 0.536929 0.643924
0 0.0995197 0.756702 0.0927359640512138 0.6947469779572726 0.03346680000000001 0.715144 0.040250535948786206 0.7770990220427273
0 0.6702910166361808 0.7589941813601493 0.5958730000000002 0.7542410000000003 0.5946349797046098 0.8151619987037058 0.6690529963407904 0.8199151800638548
0 0.667655 0.645405 0.6673640244714377 0.5870539996164578 0.5961590000000001 0.58817 0.5964499755285624 0.6465210003835422
0 0.425785 0.4228520000000001 0.362848 0.41884500000000013 0.3618302444993206 0.46908801556649965 0.4247672444993206 0.47309501556649963
0 0.898286 0.41371200000000025 0.8326558250407885 0.41261499707557153 0.8323820000000002 0.46410400000000024 0.8980121749592116 0.46520100292442895
0 0.18934100000000006 0.8866460000000002 0.18818359388312747 0.8337729591400326 0.11529197814263052 0.8387880015038167 0.11644938425950312 0.8916610423637842
0 0.6642009999999999 0.29952200000000007 0.6641882574975126 0.23776699983300587 0.5947999999999999 0.23781199999999997 0.5948127425024872 0.2995670001669942
0 0.8969860472643699 0.7028920010873331 0.8293930000000002 0.7013370000000001 0.8289249527356303 0.7652819989126673 0.896518 0.7668370000000003
0 0.8976725632782966 0.0561788028089198 0.8309545628102286 0.055846097819850636 0.830872999531932 0.10725329501093103 0.897591 0.1075860000000002
0 0.42255099999999995 0.061746600000000075 0.36335443736335443 0.05636464884698024 0.36139999711492526 0.12393009973769888 0.4205965597515708 0.1293120508907187
0 0.6702900669744136 0.4051619938929719 0.668684 0.349803 0.5888019330255864 0.35708700610702815 0.5904080000000002 0.41244600000000003
0 0.18822400000000003 0.829 0.18803600000000004 0.7753189999999999 0.12155899907420056 0.7760507356497909 0.12174699907420056 0.8297317356497909
0 0.4280797822712204 0.6494750022746926 0.35792278227391056 0.649270999366895 0.357873 0.70308 0.4280299999973099 0.7032840029077976
0 0.42303200000000013 0.828896 0.3583759189393135 0.8251949953599729 0.35741400000000006 0.8780120000000001 0.4220700810606867 0.8817130046400273
0 0.42830999999999997 0.643119 0.42730799999999997 0.583639 0.36031098818300317 0.587186298527979 0.36131298818300317 0.646666298527979
0 0.8264493549912498 0.9167189991714575 0.826411 0.8650690000000001 0.7629989992591403 0.8652170023357092 0.7630373542503901 0.9168670015071665
0 0.9515540000000001 0.357757 0.9456639880365664 0.2391357590637602 0.91158 0.24445500000000003 0.9174700119634337 0.36307624093623986
0 0.8234947899202641 0.2967950257347095 0.7604467902578464 0.2947409931668379 0.7598829999999999 0.34913200000000016 0.8229309996624176 0.3511860325678718
0 0.350828 0.24393899999999996 0.3507974009593118 0.18670299932627235 0.2805714009593119 0.1868209993262724 0.2806020000000001 0.24405700000000002
0 0.8877260001941601 0.28152599998782574 0.886709 0.23054799999999998 0.8261689998058398 0.2343440000121743 0.827186 0.2853220000000001
0 0.43121100000000007 0.4780020000000001 0.3593489556679775 0.4700349950851184 0.35738996096840375 0.5255721065380211 0.42925200530042623 0.5335391114529029
0 0.65415 0.347392 0.6526483401430896 0.29664996836186197 0.5935710000000001 0.302145 0.5950726598569105 0.352887031638138
0 0.197816 0.65125 0.12475100000000004 0.650135 0.12448281505724061 0.7053700124380871 0.19754781505724056 0.706485012438087
0 0.8328723304090371 0.6400269989503148 0.8328160000000001 0.5842980000000001 0.768602669590963 0.5845020010496854 0.7686589999999999 0.6402310000000001
0 0.9063140000000001 0.7757650000000003 0.8327897978774919 0.7716269886243549 0.831663 0.8345530000000001 0.9051872021225082 0.8386910113756455
0 0.8937086166782592 0.5225709706573416 0.8927009999999999 0.456013 0.8351783833217407 0.45875002934265835 0.836186 0.525308
0 0.19681200000000004 0.7137370000000001 0.12636900000000006 0.7123540000000002 0.12600847524727946 0.7700700093304799 0.1964514752472794 0.7714530093304798
0 0.6597871875160322 0.7462829669824782 0.6564900000000001 0.687428 0.5919958124839678 0.6987840330175218 0.5952929999999999 0.757639
0 0.5999681839426522 0.8245339961681731 0.5995240000000001 0.7575170000000002 0.5134528160573479 0.759310003831827 0.5138970000000002 0.826327
0 0.9032703378564282 0.8824420350851514 0.8390790000000002 0.8757760000000002 0.8372146621435722 0.9322019649148491 0.9014060000000002 0.9388680000000001
0 0.6763670000000002 0.8212150000000003 0.595383975478287 0.8185069991800158 0.5946750000000001 0.8851450000000003 0.6756580245217131 0.8878530008199848
0 0.17872800000000003 0.7039159999999999 0.12274400000000005 0.6987529999999998 0.12170431701078571 0.7341860292356152 0.17768831701078566 0.7393490292356152