1 0.709242 0.40953000000000006 0.7085861476621858 0.34303199551176394 0.633048 0.34532799999999997 0.6337038523378143 0.41182600448823614
1 0.8841390000000002 0.9170880000000002 0.7991156881383427 0.916808998976637 0.7990310000000003 0.9963450000000004 0.8840543118616578 0.9966240010233633
1 0.8773190000000002 0.7502940000000001 0.8762566827234578 0.678851968713699 0.7989856827234577 0.682392968713699 0.8000480000000001 0.7538350000000001
1 0.8782650000000001 0.5196410000000001 0.8776881987289709 0.4510259948515413 0.800064 0.453037 0.8006408012710291 0.5216520051484588
1 0.9832310000000001 0.9260730000000001 0.9077189990348743 0.925562439908086 0.9075659990348741 0.9953004399080856 0.9830780000000001 0.995811
1 0.9746300119097637 0.6375729991526676 0.973007 0.5672689999999998 0.9022229880902362 0.5723050008473322 0.9038459999999999 0.642609
1 0.9739840740543219 0.6908099920557713 0.97185 0.629502 0.8971079259456783 0.6375200079442288 0.8992420000000001 0.698828
1 0.4738403008132995 0.5833179822601875 0.472574 0.517143 0.39692869918670065 0.5216040177398127 0.3981950000000001 0.5877790000000002
1 0.47946318033339275 0.7552669962474464 0.479005 0.68741 0.4020188196666072 0.6890120037525536 0.402477 0.756869
1 0.6437790000000001 0.9299840000000001 0.5655994214587183 0.9223259433291661 0.563224 0.9970610000000001 0.6414035785412817 1.0047190566708342
1 0.638863 0.29753700000000005 0.6372823695769247 0.2288829737772572 0.5562569999999999 0.23463200000000006 0.5578376304230752 0.3032860262227429
1 0.7129251415723004 0.6937239959214401 0.712291 0.625887 0.6330448584276996 0.6281700040785599 0.633679 0.696007
1 0.983909 0.8635670000000002 0.9081214616471173 0.8624809922856003 0.907782 0.9354880000000003 0.9835695383528826 0.9365740077144002
1 0.6399026390911021 0.6881210256132457 0.565171639612019 0.6851259855565102 0.5642700000000002 0.754459 0.6390009994790833 0.7574540400567357
0 0.8744008950539205 0.6821449005777893 0.8728160000000001 0.638173 0.8093921049460797 0.6452180994222106 0.810977 0.68919
1 0.162177 0.42032100000000006 0.16080349689353798 0.35002397007976765 0.09186669689353802 0.3541749700797676 0.09324020000000001 0.42447200000000007
0 0.7981130021291232 0.7493698619830278 0.765428984584775 0.7478159992671298 0.7637529824556519 0.8564601372841022 0.7964370000000001 0.8580140000000002
0 0.639759 0.6355750000000001 0.572129 0.6327220000000001 0.5714554608442808 0.6819270194409102 0.6390854608442808 0.68478001944091
0 0.16910700000000004 0.756597 0.16862789491115862 0.7097029718225224 0.1038378949111586 0.7117429718225226 0.104317 0.758637
0 0.16535699999999998 0.463754 0.16363361877155738 0.41519293232435284 0.09767446271504122 0.4224069493924058 0.09939784394348383 0.470968017068053
0 0.8776949999999999 0.395454 0.876350301579854 0.34752197392583684 0.810515 0.3532139999999999 0.8118596984201458 0.4011460260741631
0 0.4727803089134003 0.8093249639439207 0.47090600000000005 0.7598359999999997 0.4047296910865997 0.7675600360560793 0.40660399999999997 0.817049
0 0.155488 0.35407100000000014 0.1548340579570978 0.3032569977013576 0.09263205795709781 0.30572399770135755 0.093286 0.3565380000000001
1 0.8768476216093866 0.5678280595631682 0.803147 0.5607660000000001 0.8006223783906135 0.641963940436832 0.874323 0.6490260000000001
0 0.6388987552953073 0.40672396092775065 0.6379940000000001 0.3528239999999999 0.5635892447046928 0.35667303907224934 0.564494 0.4105730000000001
0 0.402208024645457 0.6882499982943313 0.401206 0.6436299999999999 0.337701975354543 0.6480250017056685 0.33870399999999995 0.6926449999999998
0 0.23650899999999997 0.7530009999999999 0.23588944136595347 0.706739981783078 0.17350144136595347 0.709314981783078 0.17412099999999997 0.7555759999999999
0 0.6378733352678868 0.22807596777908876 0.6361919970119824 0.17415990418219027 0.5614289999999998 0.181345 0.5631103382559042 0.2352610635968985
0 0.5331304224718567 0.9999999999999998 0.5322511652935057 0.9234298105560181 0.5012723874428004 0.9245261105838678 0.5021516446211515 1.0010963000278497
0 0.6382490000000001 0.7975620000000001 0.6379200000000002 0.747164 0.5731049997937007 0.7484679683979596 0.5734339997937006 0.7988659683979596
0 0.7066236336014595 0.5134089550977141 0.7054859983729965 0.4639369292469596 0.633958 0.46900600000000003 0.635095635228463 0.5184780258507545
0 0.640287 0.8758310000000001 0.570891949907671 0.874936999354672 0.5706660000000001 0.9289890000000001 0.6400610500923292 0.9298830006453283
0 0.8809595239905018 0.8762640294905674 0.8172955250172509 0.8726809732676252 0.8163780000000002 0.9229230000000004 0.880041998973251 0.9265060562229425
0 0.7055063542972619 0.22939997514145438 0.704368 0.179399 0.6368676457027379 0.18413502485854566 0.638006 0.23413600000000004
0 0.2326095957695427 0.8127839691086042 0.23180498231822297 0.7649609490655719 0.170224 0.768154 0.17102861345131973 0.8159770200430323
0 0.4637116026052704 0.39828794869826367 0.46240597009435924 0.3510239174127287 0.39980899999999997 0.35635300000000003 0.4011146325109111 0.40361703128553506
0 0.972611 0.797485 0.9710413030725145 0.7449229721067453 0.900709 0.7513959999999998 0.9022786969274856 0.8039580278932545
0 0.400918 0.404988 0.3999186928169882 0.35108996041291607 0.32744600000000007 0.355231 0.3284453071830119 0.40912903958708396
0 0.8751963094798114 0.8042669978515805 0.875077 0.7513009999999999 0.8059326905201887 0.7517810021484194 0.806052 0.804747
0 0.16924819676085937 0.8124929941138058 0.168763 0.762509 0.10535080323914063 0.7644060058861941 0.10583599999999999 0.81439
0 0.97367 0.33906299999999995 0.9709104556023769 0.2858009272531408 0.8969274556023767 0.29761392725314084 0.8996869999999999 0.35087599999999997
0 0.4086190000000001 0.9420710000000002 0.3432089689736778 0.9390309985580185 0.3424090000000001 0.9920770000000002 0.40781903102632244 0.995117001441982
0 0.4034005405540593 0.5263770001121715 0.3311150000000001 0.5263620000000001 0.33111145937860686 0.5789449998878148 0.4033969999326661 0.5789599999999862
0 0.23803845930407888 0.4700359861793375 0.237482 0.413044 0.16107854069592112 0.4153430138206625 0.161635 0.472335
0 0.7031080000000001 0.2950480000000001 0.6361489531270378 0.2918649977718211 0.635381 0.3416520000000002 0.7023400468729624 0.34483500222817914
1 0.9708229999999998 0.23927900000000002 0.9706890131939948 0.1765479999131509 0.895945 0.17703999999999998 0.8960789868060051 0.2397710000868491
0 0.4698770047181506 0.29425399968217414 0.46874000000000005 0.242236 0.398789978174227 0.24694800147023646 0.39992698289237755 0.29896600115241057
0 0.9685095661596476 0.5091699517065358 0.9671129700314182 0.4587119172562405 0.8975810000000001 0.46464300000000003 0.8989775961282295 0.5151010344502953
0 0.4770670114025552 0.9278596236863035 0.47611299313885214 0.875677624715347 0.4066929817362969 0.8795890010290435 0.407647 0.9317709999999999
0 0.166073 0.29168999999999995 0.16562575911711078 0.23607498118660675 0.0967082591171108 0.23778298118660673 0.09715549999999999 0.29339799999999994
0 0.0001243481979605902 0.0009278673917144863 0.00011286910994764397 0.0008455762867647058 0.00008460415806035218 0.0008577272774031604 0.00009608324607329841 0.0009400183823529409
0 0.708753118514693 0.17761399353393023 0.707775 0.12236399999999999 0.637795881485307 0.12618200646606978 0.638774 0.18143200000000004
0 0.47046536543692946 0.5135469644351286 0.468766 0.4597339999999998 0.39685963456307055 0.4667320355648712 0.39855899999999994 0.5205449999999999
0 0.638803 0.34446299999999996 0.6381628834265519 0.2887399687245382 0.5668118834265519 0.2912659687245382 0.567452 0.34698899999999994
0 0.22604407348613648 0.35091299594415787 0.225152 0.301101 0.16403792651386354 0.3044740040558422 0.16493 0.354286
0 0.46538569432029375 0.45448194645085044 0.4641659980736328 0.4057439230240068 0.398881 0.41077900000000006 0.400100696246661 0.4595170234268437
0 0.8774220000000001 0.273494 0.8745791351311627 0.21909797823525742 0.804079 0.230453 0.8069218648688375 0.2848490217647426
0 0.6364029999999999 0.5719129999999999 0.6349083858666946 0.5210869650305264 0.5675213858666945 0.5271939650305264 0.569016 0.5780199999999999
0 0.6397609999999999 0.518195 0.6388308408240682 0.4620109570998939 0.5641368408240682 0.4658219570998938 0.565067 0.5220059999999999
0 0.23167051775831268 0.5842669869378702 0.23127299979352128 0.535706974776971 0.16368899999999997 0.5374119999999999 0.16408651796479135 0.5859720121608989
0 0.7176870000000001 0.6873190000000002 0.639268693106349 0.6853409922589758 0.6387760000000001 0.7455380000000003 0.7171943068936512 0.7475160077410247
0 0.635783 0.16944400000000004 0.635500517949893 0.11623199152620611 0.5693029946918463 0.11731500008684274 0.5695854767419533 0.17052700856063668
0 0.63505 0.46357200000000004 0.6341530061260369 0.4108699996786703 0.5663210000000001 0.414428 0.5672179938739633 0.4671300003213298
0 0.1633832028852225 0.5809149862966908 0.162239 0.5287069999999998 0.0951843971147775 0.5332360137033091 0.0963286 0.585444
0 0.40512902941670675 0.74901399540533 0.40224600000000005 0.6921290000000001 0.3293679705832933 0.7035120045946701 0.332251 0.760397
0 0.4034260000000001 0.8885500000000001 0.33652799857834204 0.8869361816195546 0.33613699857834195 0.9368871816195546 0.4030350000000001 0.9385010000000001
0 0.16901199999999997 0.9989610000000001 0.16856696926889767 0.944501239341782 0.09269469999999999 0.9464119999999999 0.09313973073110232 1.000871760658218
0 0.23482799999999998 0.128369 0.23186098651870737 0.0739045022633228 0.16557798651870742 0.08503250226332279 0.168545 0.139497
0 0.7131750000000001 0.8686060000000002 0.6427530000000001 0.8682930000000002 0.6426755232943624 0.922014002325852 0.7130975232943624 0.922327002325852
0 0.40588799999999997 0.4084320000000001 0.32720799999999994 0.40781800000000007 0.3270613334261472 0.46573900260197826 0.4057413334261472 0.4663530026019783
0 0.9687114611651518 0.45018195067421424 0.966856996301574 0.39674889343653197 0.894576 0.40447999999999995 0.8964304648635779 0.4579130572376822
0 0.39994599999999997 0.3509700000000001 0.3986705082557089 0.30045496044984743 0.33557250825570883 0.30536496044984746 0.3368479999999999 0.3558800000000001
0 0.2283830108603452 0.4037363366051199 0.2267269786991737 0.3524093398030114 0.15748796783882843 0.35929400319789145 0.15914399999999995 0.41062099999999996
0 0.8766661017010797 0.21963998527366424 0.8740619999999999 0.164216 0.80281889829892 0.17453201472633578 0.8054229999999998 0.22995600000000002
0 0.23437100000000002 0.5312770000000001 0.234227 0.47682300000000005 0.16482099904303435 0.47738863812078236 0.16496499904303438 0.5318426381207824
0 0.8791384531891637 0.3350409471435776 0.8771239956054458 0.2818118838804053 0.8051960000000001 0.290201 0.8072104575837179 0.3434300632631723
0 0.39903999999999995 0.17945000000000005 0.3206646990506417 0.17934799960833392 0.32063899999999995 0.24020400000000006 0.3990143009493582 0.2403060003916662
0 0.0816999009848008 0.7651810420997416 0.0789434 0.647342 0.04549989901519921 0.6497529579002584 0.0482564 0.767592
0 0.963814 0.283197 0.9610081312186578 0.22960097882909894 0.89304 0.24056700000000006 0.895845868781342 0.29416302117090115
0 0.970816577277571 0.5703539649324482 0.9697410000000001 0.515787 0.9015224227224291 0.5199310350675518 0.902598 0.574498
0 0.884499 0.5179700000000003 0.8088626760734838 0.5160499917772107 0.8083880000000001 0.5736780000000002 0.8840243239265163 0.5755980082227898
0 0.4691190001060953 0.5831319935539314 0.4021680000000001 0.579736 0.401322983554828 0.6310769991658423 0.4682739836609232 0.6344729927197736
0 0.46998100000000004 0.6430640000000001 0.40276283116281913 0.6387129890712223 0.4016840000000001 0.6900770000000002 0.468902168837181 0.6944280109287779
0 0.16605600417905805 0.6983841248624656 0.16438197082491499 0.6483671283028362 0.10095896664585693 0.6549090034403706 0.102633 0.704926
0 0.973887 0.7398090000000002 0.9717901556513437 0.6882349804971971 0.905516 0.696539 0.9076128443486562 0.748113019502803
0 0.16331518370764658 0.889253006931029 0.09737007165570816 0.8867649913848938 0.09676488794806165 0.9361989844538648 0.16271000000000008 0.938687
0 0.398539 0.301151 0.39764364334364427 0.24704496719029442 0.3270536433436442 0.2506449671902944 0.3279489999999999 0.304751
1 0.7150320028363721 0.5736609999466735 0.714657 0.5121910000000001 0.6343419971636278 0.5137010000533265 0.634717 0.5751710000000001
0 0.47919899999999993 0.988385 0.4777261709732043 0.9342669856600551 0.408943 0.940036 0.4104158290267957 0.9941540143399448
0 0.713723 0.932362 0.645129 0.9299580000000001 0.6444968151265865 0.9855490285675761 0.7130908151265866 0.987953028567576
0 0.705631 0.288562 0.705582447788201 0.23574499873142282 0.63675 0.23593999999999996 0.636798552211799 0.2887570012685771
0 0.23510922519284916 0.8929810276536067 0.17068700000000003 0.8850700000000002 0.16868177480715094 0.9353939723463939 0.23310400000000006 0.9433050000000002
0 0.15886000725268493 0.06284350595075301 0.09486331180264422 0.05994819600981461 0.09406830000000002 0.11410400000000002 0.1580649954500407 0.11699930994093842
0 0.16675032634132048 0.5259039765143105 0.16550099916113067 0.47240396407704877 0.09801089999999998 0.47726100000000005 0.09926022718018977 0.5307610124372618
0 0.7208162337060331 0.802189982630872 0.7194529982109208 0.7456609258125559 0.643524 0.7513039999999999 0.6448872354951124 0.8078330568183159
0 0.235904 0.6964799999999999 0.23493111487838098 0.6450389933042481 0.16374699999999998 0.6491879999999999 0.164719885121619 0.7006290066957517
0 0.5445410521254676 0.5616723312246742 0.5365719059131071 0.511033402136769 0.4664768537876395 0.5450290709120947 0.47444600000000003 0.595668
0 0.402722607006547 0.8157669702079444 0.401867 0.762042 0.33271439299345296 0.7654360297920554 0.33356999999999987 0.8191609999999999
0 0.4697573600102912 0.16460491452596573 0.466087 0.11696200000000001 0.40272663998970876 0.13200508547403428 0.40639699999999995 0.17964800000000003
0 0.882686 0.158728 0.8811743348609403 0.10406897145913536 0.8041023348609405 0.11063797145913534 0.805614 0.165297
0 0.70472 0.4602690000000001 0.7027105231601446 0.4056459406869059 0.6342825231601447 0.41340394068690595 0.6362920000000001 0.46802700000000014
0 0.9711839999999999 0.396541 0.9700123157588312 0.3431769786338393 0.8996373157588312 0.3479389786338394 0.9008089999999999 0.401303
0 0.4678590000000001 0.34896 0.46686776775569244 0.2970919547823978 0.4033997677556923 0.3008299547823979 0.404391 0.35269800000000007
1 0.8752313273263012 0.46365699626236406 0.8749830000000001 0.39663499999999996 0.8027326726736989 0.39746000373763596 0.8029809999999998 0.46448200000000006
1 0.241072 0.244898 0.23941117956537916 0.1637189886783305 0.164693 0.16843 0.16635382043462085 0.24960901132166952
0 0.40357927160788 0.637184961314607 0.40103399999999995 0.5821119999999999 0.32258172839212 0.5932860386853928 0.325127 0.648359
0 0.16495220478566272 0.15709102635813382 0.09150820638969914 0.14763798795133998 0.08876700000000001 0.21327300000000005 0.1622109983959636 0.2227260384067939
1 0.40243399999999996 0.533049 0.4023294929961746 0.46351599771646906 0.3263354929961746 0.463867997716469 0.32643999999999995 0.533401
0 0.485312 0.22618099999999994 0.48075824813505835 0.16127594634775222 0.3912992481350583 0.18061894634775225 0.39585299999999995 0.24552399999999994
1 0.23764399999999997 0.30361399999999994 0.23662938482332235 0.23831898157143006 0.16537999999999997 0.24173100000000006 0.16639461517667758 0.3070260184285699
0 0.39890031569630163 0.17522899335524847 0.3984360000000001 0.107244 0.31795268430369844 0.1089380066447515 0.318417 0.176923
1 0.0003442075470017027 0.0009346664427137413 0.0003430586387434555 0.0008986286764705884 0.00029279611791976326 0.0009035670131686116 0.00029394502617801043 0.0009396047794117646
0 0.23660518122979535 0.9433778218033252 0.16906614048666227 0.9418857317402065 0.16867064994424613 0.9970559746544806 0.23620969068737918 0.9985480647175993