1 0.402981 0.7730739999999999 0.4028285772952485 0.7034129960864162 0.3265655772952485 0.7039299960864162 0.326718 0.7735909999999999
1 0.6364250018114381 0.5007190078796158 0.560233 0.5002880000000001 0.560103998174194 0.5709419999896719 0.6362959999856321 0.5713730078692876
1 0.8722450000000002 0.4421450000000002 0.7951779122456424 0.4407749984400138 0.79479 0.5083830000000003 0.8718570877543578 0.5097530015599868
1 0.237044 0.82946 0.2370410393468127 0.7644269999944502 0.159054 0.764438 0.1590569606531873 0.8294710000055497
1 0.873121 0.49904700000000024 0.7957540000000001 0.49783000000000016 0.7954091716179038 0.5657480026995878 0.8727761716179039 0.5669650026995879
1 0.9473323974228798 0.6099790071071496 0.8688780000000002 0.6085760000000002 0.8684896025771204 0.6758659928928508 0.946944 0.6772690000000002
1 0.23790244580499004 0.48246402235456887 0.15992700000000004 0.478554 0.15888755419501002 0.5427779776454311 0.23686300000000005 0.5466880000000001
1 0.633422 0.33188400000000023 0.55669 0.33003500000000024 0.556187250349695 0.3946760060326409 0.632919250349695 0.3965250060326409
1 0.40338245884312407 0.6455810104524853 0.3246284663619172 0.6437869878436794 0.324119 0.7130780000000001 0.40287299248120684 0.714872022608806
1 0.1648740033043535 0.4288459999909111 0.164817 0.36463699999999993 0.0881052966956465 0.3648480000090888 0.08816229999999999 0.42905699999999997
1 0.476289 0.763503 0.4762495494265078 0.6997229989470805 0.40110799938145936 0.6998670000011852 0.4011474499549515 0.7636470010541048
1 0.469318 0.5907910000000001 0.46861975566823666 0.5283649738127665 0.3948917556682366 0.5309199738127666 0.39559 0.5933460000000002
1 0.6306290000000001 0.3891050000000001 0.5564369725266282 0.38687399917385856 0.5557959999999998 0.4529150000000001 0.6299880274733717 0.4551460008261416
1 0.9494765679652096 0.22716899930537715 0.9494470000000003 0.152264 0.8701329996057435 0.15236100122348473 0.870162567570953 0.22726600052886187
1 0.23731700000000006 0.5937850000000001 0.15981882123908533 0.5914769946762473 0.159196 0.6562710000000002 0.23669417876091473 0.658579005323753
1 0.40162423130766506 0.4760140016261549 0.32524000000000003 0.47547700000000004 0.32509576869233503 0.5390399983738452 0.40148000000000006 0.5395770000000001
1 0.16383748390644962 0.77696499652459 0.163668 0.7038510000000001 0.08360609769028522 0.7044260036075823 0.08377558159673483 0.7775400001321721
1 0.16162700000000002 0.255325 0.08260878447989578 0.25333099708488194 0.08204390000000003 0.32268600000000003 0.16106211552010427 0.32468000291511817
1 0.7062210000000001 0.27770500000000004 0.7057980971209982 0.2112729980844515 0.6298980000000001 0.21277 0.630320902879002 0.27920200191554856
1 0.39990900000000007 0.532785 0.3281619911284994 0.5269543382203734 0.3263769911284993 0.5950063382203735 0.39812400000000003 0.6008370000000001
1 0.23753700093651875 0.6500708014895404 0.16010500000000003 0.648939 0.15977799528259562 0.7182529999310472 0.23720999621911434 0.7193848014205875
1 0.6370760000000002 0.4452370000000002 0.55869 0.4442890000000002 0.5584236882410456 0.5125130083235848 0.6368096882410457 0.5134610083235849
1 0.23940600000000006 0.537191 0.16305000000000003 0.5311030000000001 0.16141053482182588 0.5948100426422979 0.23776653482182594 0.6008980426422978
1 0.2376130000000001 0.8232390000000002 0.16263246894591704 0.8216339886324112 0.1621679930920585 0.8888619998521305 0.23714852414614157 0.8904670112197195
1 0.166238 0.534428 0.08498070000000002 0.527684 0.08307696467680666 0.5987510219670157 0.16433426467680665 0.6054950219670157
0 0.16122400000000003 1.0000000000000002 0.1611489762881091 0.9428649419723479 0.08936015978801878 0.9431570001635943 0.08943518349990973 1.0002920581912464
0 0.16276700000000008 0.8342599999999999 0.08898430000000006 0.8304369999999999 0.088056768328318 0.8858990242661104 0.161839468328318 0.8897220242661106
0 0.5420920000000001 0.15563100000000007 0.5152690004409831 0.15558814484853878 0.5152120004409831 0.26612214484853874 0.5420350000000002 0.2661650000000001
0 0.9396950402196187 0.225461002491659 0.877727 0.22162200000000018 0.8767339597803815 0.27128499750834134 0.9387020000000001 0.2751240000000002
0 0.521434002387452 0.7571426645997894 0.4959210000000001 0.7565800000000001 0.49520699288289916 0.8568869998430393 0.520719995270351 0.8574496644428286
0 0.8685067067313693 0.3943540186333947 0.8003486984477644 0.39255699204939537 0.7999059917163952 0.444579973416001 0.8680640000000002 0.44637700000000025
1 0.16540800000000005 0.8816790000000001 0.09092922917547651 0.8717869773116549 0.08801165567601558 0.9398460339580383 0.16249042650053913 0.9497380566463836
0 0.15041984769650532 0.6582000415717548 0.08302620000000005 0.6548950000000001 0.0822093358667033 0.7065019968548489 0.14960298356320859 0.7098070384266035
0 0.630055 0.28146400000000016 0.5660949202705428 0.28055099886189827 0.565856 0.3324080000000001 0.6298160797294573 0.333321001138102
1 0.47170599999999996 0.5385509999999999 0.4710460224462545 0.47530399927431205 0.395729 0.4777389999999998 0.3963889775537455 0.5409860007256877
1 0.401641 0.8866569999999999 0.4011424441310488 0.819680012819685 0.3289904441310488 0.821344012819685 0.3294889999999999 0.8883209999999999
0 0.4015708652753354 0.6489419948769813 0.40146699998868585 0.5945899940793866 0.332555 0.594998 0.33265886528664956 0.6493500007975948
0 0.875055 0.22134400000000018 0.805248798461438 0.22059999785198006 0.805071 0.2722850000000001 0.874877201538562 0.27302900214802023
0 0.9912600000000001 0.6914250000000001 0.9911819998916787 0.5847018517898386 0.9628530000000001 0.5847660000000001 0.9629310001083214 0.6914891482101615
0 0.4620380253376135 0.0008375560364832214 0.39108000000000004 0.0007353850000000807 0.39105397466238656 0.056735228963516966 0.462012 0.05683740000000011
0 0.4732232661997163 0.6526770025625915 0.40362400000000004 0.6520070000000001 0.40344673380028384 0.7090589974374087 0.4730460000000001 0.7097290000000002
0 0.162116399361975 0.777547007884526 0.08953259941229105 0.7761139999883969 0.08917620000000004 0.832044 0.16175999994968396 0.8334770078961291
0 0.94185 0.5021520000000002 0.8693729999999997 0.49835100000000004 0.8684279288569511 0.5541830487131819 0.9409049288569513 0.557984048713182
0 0.395968 0.00008414760000008486 0.3241359919815174 -0.0037631885615104802 0.3231579919815174 0.05281036383848952 0.39499 0.05665770000000008
0 0.6979490045338316 0.1134474503098611 0.6312890000000001 0.11174400000000013 0.6308589917537617 0.16387899978927323 0.6975189962875932 0.1655824500991342
0 0.8708200000000001 0.6232000000000001 0.8044589604521494 0.6209279986460013 0.8038570000000002 0.6754020000000002 0.8702180395478509 0.6776740013539989
0 0.6346102758400471 0.5690070121308782 0.5678720000000002 0.5660720000000002 0.567070724159953 0.622521987869122 0.633809 0.6254570000000002
0 0.40509100000000015 0.7687350000000001 0.33348400000000006 0.7684480000000001 0.33340452332120535 0.8298850020974653 0.40501152332120544 0.8301720020974652
0 0.396563 0.88582 0.3284677811748671 0.8829549907932446 0.32770400000000005 0.939199 0.39579921882513297 0.9420640092067554
0 0.6996291065520793 0.3966790000690319 0.6317139999999999 0.3966350000000002 0.6317028934479207 0.44974899993096834 0.6996180000000001 0.4497930000000001
0 0.23166499999999998 0.42985299999999993 0.16317096673862932 0.4287009994405772 0.16288200000000003 0.48193200000000014 0.2313760332613707 0.48308400055942285
0 0.150056 0.12916899999999998 0.14941730764143232 0.08051479968921299 0.0836707 0.0831888 0.08430939235856767 0.13184300031078702
0 0.3927924685583661 0.06675671846947269 0.3260954690596078 0.0641276790715742 0.32535500000000006 0.12232900000000008 0.39205199949875835 0.12495803939789857
0 0.39543199999999995 0.48362199999999994 0.39455623994229616 0.429551987959287 0.325487 0.4330179999999999 0.32636276005770376 0.48708801204071284
0 0.9452410215400762 0.15838599963618596 0.9449450000000001 0.10408499999999997 0.8751999784599239 0.10526300036381402 0.8754959999999999 0.159564
0 0.871779 0.10958000000000018 0.8049489999999999 0.10785600000000015 0.8045073926434353 0.16089401012894347 0.8713373926434353 0.1626180101289435
0 0.7023005634161369 0.28283901579001647 0.629973 0.2808120000000001 0.6294704275405726 0.33637198395654117 0.7017979909567095 0.3383989997465575
0 0.4666070000024957 0.5900049978607275 0.39854700000000004 0.589759 0.3984839988334032 0.6437629999957835 0.46654399883589887 0.6440089978565109
0 0.701888 0.6231980000000001 0.634828 0.6218470000000001 0.6344836772178953 0.6748000136433251 0.7015436772178955 0.6761510136433251
0 0.163674 0.48858299999999993 0.09611920000000003 0.48237500000000005 0.09442389172516731 0.5395320635666132 0.16197869172516732 0.5457400635666132
0 0.22406 0.263806 0.15698899999999996 0.262633 0.1566875069611894 0.31604400886620865 0.22375850696118946 0.3172170088662087
0 0.71022147652329 0.5621679885254747 0.7098029998128874 0.5083239759248318 0.637708 0.5100599999999998 0.6381264767104027 0.5639040126006427
0 0.46617324925393683 0.3109930015332821 0.394483 0.31055200000000005 0.39436675074606325 0.3691019984667181 0.46605700000000017 0.3695430000000001
1 0.9449850000000001 0.3831080000000002 0.8687645642874097 0.3829619991653894 0.8687239993817464 0.448573999998816 0.9449444350943368 0.4487200008334268
0 0.3923182644770871 0.37100401011885537 0.3253809999999999 0.368443 0.3247357355229128 0.4206959898811447 0.391673 0.42325700000000005
0 0.699141543157991 0.34029804705874517 0.6363975455749024 0.33486196062899726 0.6349300000000001 0.38734200000000013 0.6976739975830888 0.392778086429748
0 0.630659 0.6296350000000002 0.5649807709529429 0.6262509881985562 0.5641120000000001 0.6784920000000003 0.6297902290470571 0.6818760118014443
0 0.16089800000000004 0.317063 0.08570799118185983 0.312294999440818 0.08446609987037995 0.3729720063330492 0.15965610868852015 0.37774000689223125
0 0.15432740725256647 0.20347202097885733 0.08286950000000003 0.19979100000000002 0.08192709240513311 0.2564719996087646 0.15338499965769956 0.2601530205876219
0 0.628155002854779 0.2781622077533623 0.6274119891216208 0.22409020833803328 0.5544609862668419 0.22719600058467096 0.555204 0.28126799999999996
0 0.939153 0.09723580000000001 0.9387234435737802 0.04614168844601077 0.8716114435737802 0.047889788446010766 0.8720409999999998 0.0989839
0 0.9407422141236083 0.4471710083326444 0.8731590000000002 0.4445410000000003 0.8724977858763922 0.49718399166735616 0.9400810000000003 0.4998140000000003
0 0.460326 0.1985890000000001 0.39449992826993824 0.1941929952097143 0.393363 0.2469390000000001 0.45918907173006185 0.25133500479028587
0 0.39437371721815523 0.31964504544348776 0.32619200000000004 0.31532500000000013 0.3251152827818448 0.36797495455651247 0.39329700000000006 0.37229500000000015
0 0.9403983754650188 0.6769740085847051 0.8715130000000001 0.6753990000000002 0.8711236245349813 0.7281619914152951 0.940009 0.7297370000000001
0 0.22796995177991683 0.8890620382670018 0.16302795230139067 0.8864509980822428 0.16233300000000003 0.9400040000000001 0.2272749994785262 0.9426150401847591
0 0.22849314041244556 0.7152850045456214 0.16133900000000007 0.713111 0.1607938595875546 0.7652829954543787 0.22794800000000007 0.7674570000000001
0 0.39607861068183897 0.2532069979373039 0.3960189989098106 0.19852700000368237 0.32200338822797164 0.19877700206637855 0.322063 0.253457
0 0.8702379999999998 0.6858760000000002 0.8085439330612096 0.6840029979677709 0.8080479999999999 0.7346140000000002 0.86974206693879 0.7364870020322294
0 0.47122000491242927 0.4756191469080413 0.4694339715890674 0.42220715036040285 0.39606796667663813 0.4298080034523616 0.397854 0.48322000000000004
0 0.71213 0.5649070000000002 0.637101 0.5637130000000001 0.6368011013569326 0.622099985699132 0.7118301013569327 0.6232939856991321
0 0.6934603314219072 0.21779398446979423 0.6927399992917811 0.17016695317386496 0.632943 0.17296899999999998 0.6336633321301262 0.22059603129592922
0 0.7015431137880292 0.6819870019887943 0.634087 0.6808080000000001 0.6337858862119709 0.7341849980112063 0.7012420000000001 0.7353640000000004
0 0.39635406975305787 0.31186799843951263 0.395972 0.25895500000000005 0.3288779302469422 0.2604560015604874 0.32926000000000005 0.313369
0 0.8697030000000001 0.16564100000000018 0.8053858260472978 0.1616039890814707 0.8042430000000002 0.2180150000000002 0.8685601739527025 0.22205201091852966
0 0.21945562509182096 0.2109690360793065 0.15462300000000004 0.20722700000000005 0.15370537490817918 0.25648396392069367 0.21853800000000007 0.2602260000000001
0 0.1549862804935551 0.015636504678383362 0.08347139999999999 0.014443700000000016 0.08316811895019738 0.0707800986481613 0.15468299944375247 0.07197290332654466
0 0.15470600000000007 0.6062890000000001 0.08421281534484683 0.6016892713915535 0.08311181534484682 0.6539672713915536 0.15360500000000007 0.6585670000000001
0 0.9335185023483263 0.39042999706272646 0.9334249999889652 0.3408849941529791 0.86604 0.341279 0.8661335023593612 0.39082400290974734
0 0.46227999999999997 0.129204 0.4614441821190921 0.07625749109269082 0.39401299999999995 0.07955549999999999 0.39484881788090787 0.13250200890730918
0 0.3925772638765118 0.9399770006678668 0.33528700000000006 0.939832 0.3352407361234883 0.9964649993321334 0.3925310000000001 0.9966100000000002
0 0.867765 0.27676100000000015 0.8006143489377824 0.2749859827902394 0.8001989914702228 0.3236699997745295 0.8673496425324404 0.32544501698429024
0 0.16107726122679952 0.4339950093076554 0.09517834989513453 0.43164699465168066 0.094563088668335 0.4851469853440253 0.16046200000000002 0.487495
0 0.867901042648739 0.3346870013505204 0.797384 0.3324540000000002 0.796834957351261 0.38617299864948 0.867352 0.3884060000000002
0 0.941755 0.5644230000000002 0.8725448405127763 0.5605989911879912 0.871583 0.6145340000000002 0.9407931594872238 0.6183580088120093
0 0.22595300351699893 0.3181343034654983 0.157984 0.31707100000000005 0.1577129949511171 0.3707429999210156 0.225681998468116 0.37180630338651394
0 0.9365421600439928 0.2780390122983718 0.8716171619462656 0.27304993560085533 0.87027 0.3273660000000002 0.9351949980977272 0.3323550766975166
0 0.6957090203561874 0.05534501164878148 0.634903 0.049773800000000125 0.6333179734567722 0.10337199756803797 0.6941239938129596 0.10894320921681933
0 0.21652537664225271 0.12936297420591739 0.2153559918672694 0.07645963207266003 0.15186600000000003 0.08080769999999998 0.15303538477498335 0.13371104213325732
1 0.8743073770326396 0.554115033778952 0.7980610000000001 0.5472840000000001 0.7960176229673606 0.6179479662210484 0.872264 0.6247790000000003
0 0.458986 0.42266000000000004 0.458326009030305 0.37092299964309233 0.39153 0.373563 0.392189990969695 0.42530000035690774
0 0.629961 0.16749100000000003 0.6290452998262036 0.1129199844124604 0.5540669999999999 0.11681799999999998 0.5549827001737964 0.17138901558753958
0 0.629213639335337 0.2209559638096132 0.628249 0.168158 0.560146360664663 0.17201303619038683 0.561111 0.224811
0 0.8664203591440164 0.05777812390301533 0.7998440000000001 0.05334710000000018 0.7987606408559838 0.10377897609698503 0.865337 0.10821000000000018
0 0.4638970168288658 0.25274200036328914 0.395477 0.25126500000000007 0.3951139831711343 0.30336599963671107 0.46353400000000006 0.30484300000000014
0 0.22270599999999996 0.06678970000000001 0.2202865845311207 0.009934232934041835 0.1522105845311207 0.018909532934041837 0.15463 0.075765
0 0.69843 0.503642 0.6980725342727429 0.4495430095344055 0.6326175342727428 0.4508830095344056 0.632975 0.504982
0 0.6248730882759189 0.0575666052490638 0.5581429999999997 0.0535987000000001 0.5571709117240807 0.10424909475093644 0.6239009999999999 0.10821700000000013
0 0.00012223888802919441 0.0008608881655814665 0.00009077416857918475 0.0008551879338462885 0.00008604922058155271 0.0009359942127092668 0.00011751394003156238 0.0009416944444444448
1 0.4738469999999999 0.82429 0.47347606150956173 0.7552920156319108 0.39686906150956175 0.7565680156319109 0.3972399999999999 0.825566
1 0.6328884255882211 0.672327019712511 0.565895 0.6692240000000002 0.5649495744117791 0.7324639802874892 0.6319430000000001 0.7355670000000001
1 0.00027009546048474027 0.0008146827566052459 0.00024702552530313904 0.0008096127922839686 0.00023779697696989794 0.0009397170727157599 0.00026086691215149925 0.0009447870370370373
0 0.23399001145521675 0.9445688086745976 0.1671139928538813 0.9431258894152018 0.16673708232388967 0.9972490778455982 0.23361310092522514 0.9986919971049941