1 0.16698924549315394 0.7020380031337525 0.08966894550873253 0.7010509993044117 0.08938570000000004 0.770675 0.16670599998442145 0.7716620038293408
1 0.6387170876438265 0.49765100122513733 0.5605250877060964 0.49655798724741684 0.560205 0.5684080000000001 0.6383969999377301 0.5695010139777207
1 0.40335399999999993 0.7690110000000001 0.40272721910540155 0.6994649938039077 0.3300230000000001 0.701521 0.3306497808945985 0.7710670061960924
1 0.40342999999999996 0.527723 0.329982 0.525448 0.3293317981167781 0.5913150247211043 0.40277979811677805 0.5935900247211043
1 0.6290656842247703 0.3877260649552076 0.5589310000000002 0.38106800000000013 0.55694831577523 0.4466009350447928 0.6270830000000001 0.45325900000000025
1 0.24180105255878173 0.5889440030417079 0.16559900000000002 0.584534 0.1643819474412183 0.6505209969582921 0.24058400000000005 0.654931
1 0.6383370090603616 0.4408408839193369 0.557627 0.4387850000000001 0.5570689909396384 0.5075221160806634 0.6377789999999999 0.5095780000000002
1 0.2408517152178435 0.8173490398947912 0.16706100000000004 0.813233 0.16586628478215656 0.8804389601052086 0.23965700000000006 0.884555
1 0.47225100000000003 0.587748 0.47104 0.5233109999999999 0.39605999173879486 0.5277325604233869 0.3972709917387949 0.5921695604233871
1 0.8735180513201417 0.5639029998680974 0.873461 0.49425299999999994 0.7964239486798583 0.4944510001319026 0.796481 0.5641010000000001
1 0.706585 0.27474100000000007 0.7059009054727523 0.2079069709186135 0.6307079054727522 0.21032197091861343 0.631392 0.27715600000000007
1 0.47533743922596833 0.7634919919663508 0.47496099406488707 0.6989119818180863 0.397816 0.7003230000000001 0.39819244516108127 0.7649030101482646
1 0.23997300000000005 0.4768470000000002 0.1651459931938413 0.47433563631489667 0.1644759931938413 0.5369746363148967 0.23930300000000004 0.5394860000000001
1 0.16576830529011946 0.53199002134956 0.08756338366009643 0.5265209918641136 0.08591807836997699 0.6003439705145537 0.16412300000000002 0.605813
1 0.23904641317891992 0.5315370193797149 0.16613100000000003 0.5281170000000001 0.16513558682108018 0.5947079806202853 0.23805100000000007 0.5981280000000001
1 0.9456624711464693 0.22075099158570907 0.9452560000000002 0.149336 0.8664725288535309 0.1507430084142909 0.866879 0.222158
1 0.2422350265955006 0.7596030013394545 0.16585100000000003 0.7557559999999999 0.16478997340449944 0.8218599986605455 0.24117400000000003 0.8257070000000001
1 0.8701117130422842 0.5082899917047333 0.8698319962494208 0.4328459884100076 0.7986579999999999 0.43367399999999995 0.7989377167928633 0.5091180032947256
1 0.9460631432738139 0.6099060053822589 0.869638 0.6070350000000002 0.868839856726186 0.6737009946177415 0.9452649999999999 0.6765720000000002
1 0.16763500000000003 0.361533 0.08885060000000002 0.361253 0.0887767963858295 0.42641300069795585 0.1675611963858295 0.4266930006979559
1 0.6363165895910841 0.3307090355322942 0.560751 0.32615500000000014 0.5595223912244957 0.39012296331153795 0.6350879808155797 0.39467699884383206
1 0.405688 0.6360800000000001 0.33194866722019095 0.6334049879278809 0.33108 0.708541 0.40481933277980897 0.711216012072119
1 0.872595 0.5501350000000003 0.7966989938278121 0.5480206952031186 0.796060993827812 0.6198816952031185 0.871957 0.6219960000000002
1 0.24281915391122952 0.6468210072209724 0.16521300000000005 0.64318 0.1642108460887706 0.7102039927790277 0.24181700000000003 0.713845
1 0.40228651292398393 0.8816899788691203 0.4014209994594036 0.8157679588253678 0.33347799999999994 0.818567 0.33434351346458024 0.8844890200437525
1 0.16995003777287662 0.8808899094305543 0.09165633525605257 0.8723809820956958 0.089418297483176 0.9369970726651414 0.16771200000000006 0.9455060000000001
1 0.40272600000000003 0.535298 0.4025875611780187 0.47356399605128907 0.3271235611780187 0.47409499605128896 0.32726200000000005 0.535829
0 0.166080554198737 0.9990879980295171 0.16601599999758263 0.9421189978666765 0.09485909999999999 0.9423719999999999 0.09492365420115437 0.9993410001628402
1 0.47243900000000016 0.5359430000000001 0.4714760000000001 0.47187800000000013 0.39925798822108255 0.47528421639007795 0.4002209882210826 0.5393492163900779
0 0.23604600000000006 0.93756 0.1654044377959589 0.9369119856694759 0.1652200000000001 1 0.23586156220404125 1.000648014330524
0 0.939763 0.22137500000000018 0.8779457369571901 0.21783598494089823 0.877034 0.26780700000000024 0.9388512630428099 0.27134601505910216
0 0.9917080004366935 0.5524542349610625 0.991511 0.446459 0.9639439995633065 0.4466197650389375 0.964141 0.552615
0 0.4010255762144095 0.594062031025798 0.334444 0.590477 0.33351842378559055 0.644414968974202 0.4001 0.648
0 0.4629829999999999 9.575157684499491e-17 0.3939413657198996 -0.003587667302285219 0.3930409999999999 0.050779800000000076 0.46208263428010027 0.0543674673022854
0 0.16737800000000005 0.4844790000000001 0.09899403265391393 0.47848383128295857 0.09750102811604354 0.53191999369799 0.16588499546212968 0.5379151624150315
0 0.162077 0.31476400000000004 0.08856743789496073 0.30908999520627956 0.08710979943145103 0.3683450231123059 0.1606193615364903 0.37401902790602637
1 0.16473500000000005 0.255111 0.0875915731761174 0.24821998867116943 0.0855317997463448 0.3205730089100682 0.1626752265702274 0.32746402023889876
0 0.8687669999999998 0.3914180000000002 0.80198 0.38774300000000017 0.8010752715873203 0.4393340149442768 0.8678622715873201 0.4430090149442768
0 0.39758799999999994 8.584624130930579e-17 0.32517318596881334 -0.003404157426521885 0.32439899999999994 0.04827130000000006 0.39681381403118654 0.051675457426522034
0 0.521674 0.734655 0.49715799811102124 0.734300409799342 0.4967249981110212 0.828236409799342 0.521241 0.828591
0 0.4032692553069327 0.826422997678926 0.403098 0.767316 0.3347907446930673 0.767937002321074 0.33496200000000004 0.827044
0 0.16554900000000006 0.773465 0.09583071767233488 0.7707279928421625 0.0951291873474015 0.8267990112807123 0.16484746967506667 0.8295360184385497
0 0.23250700000000002 0.71229 0.16528899208232078 0.7102528197384939 0.1647839920823208 0.7625368197384937 0.23200200000000004 0.7645739999999999
0 0.6987892442957955 0.11064301279873921 0.631811 0.10713400000000012 0.6309237557042044 0.1602729872012611 0.6979019999999998 0.16378200000000015
0 0.23485315174279106 0.47925699575357883 0.23436100000000004 0.42407399999999995 0.16617899133320269 0.4259820282268704 0.1666711430759937 0.4811650239804492
0 0.40096400000000004 0.8788640000000002 0.3336390000000001 0.8782230000000002 0.33345206202580063 0.9398310005905467 0.40077706202580066 0.9404720005905467
0 0.39841799999999994 0.9918239999999998 0.3981654912680409 0.93885199265199 0.333982 0.9398119999999999 0.3342345087319591 0.9927840073480098
0 0.8744285866992386 0.2180130036711455 0.8066665867117166 0.21758899741393692 0.8065640000000001 0.26903200000000016 0.8743259999875221 0.2694560062572088
1 0.9478916671279634 0.37791101674267547 0.8689956673286523 0.37593099165106464 0.8684650000000002 0.4422790000000002 0.9473609997993113 0.444259025091611
0 0.6990660000000001 0.3933250000000001 0.6318159978897585 0.39315799999475975 0.631774 0.4462250000000001 0.6990240021102415 0.44639200000524043
0 0.632860478532951 0.6285620230406079 0.5660244792712328 0.6253439749277299 0.565231 0.677054 0.6320669992617183 0.6802720481128782
0 0.934537 0.386323 0.9342104150870131 0.33653899145589344 0.8658074150870131 0.3379469914558934 0.866134 0.387731
0 0.39751103092869833 0.31536500138754775 0.328456 0.3122670000000001 0.3277009690713018 0.36507499861245235 0.39675600000000005 0.36817300000000003
0 0.4679110000000001 0.3092920000000001 0.3963960000000001 0.3077000000000001 0.3959913908280278 0.3647310087002479 0.4675063908280278 0.3663230087002479
0 0.8711380000000001 0.6186970000000002 0.8033439974172506 0.6182759999839613 0.803235 0.6733500000000002 0.8710290025827495 0.673771000016039
0 0.710738 0.558604 0.7104283591469008 0.5053669934455237 0.6412230000000001 0.50663 0.6415326408530992 0.5598670065544763
0 0.1536220000000001 0.6556560000000001 0.08799980000000007 0.6537540000000001 0.08751887646989656 0.7058180022164108 0.15314107646989655 0.7077200022164107
0 0.16469000000000006 0.5973210000000001 0.08934920000000006 0.5949730000000001 0.08879027392453614 0.6512469960708517 0.16413107392453613 0.6535949960708517
0 0.22256500015814804 0.20248098939502268 0.16039600069731064 0.19957195324023747 0.159628 0.251072 0.2217969994608374 0.25398103615478523
0 0.4729643535744623 0.4737799712505271 0.4715679978973711 0.41989491886002417 0.39772699999999994 0.425899 0.39912335567709123 0.479784052390503
0 0.1624992539114064 0.42805401411320804 0.09899055420649995 0.4245239974546508 0.09803930000000005 0.47822400000000004 0.16154799970490652 0.4817540166585574
0 0.6313056399618104 0.2783320075364604 0.5680426400060067 0.27758699576055895 0.56785 0.3289150000000002 0.6311129999558037 0.32966001177590165
0 0.16571430873528922 0.8271020263888753 0.09357520000000004 0.820936 0.09195189080012289 0.8805279906662373 0.1640909995354121 0.8866940170551126
0 0.630037542012435 0.2745249783203825 0.6293319994903849 0.21917696002200704 0.555403 0.222134 0.55610854252205 0.2774820182983755
0 0.6372639999999999 0.566115 0.5684988070779032 0.5613819867214386 0.567299 0.6160790000000003 0.6360641929220968 0.6208120132785617
0 0.22906515358740961 0.3673029994785834 0.22901 0.316327 0.1603778464125904 0.31656000052141664 0.16043300000000005 0.36753600000000003
0 0.704293 0.6206900000000001 0.6362188634588063 0.6177569941170592 0.635486 0.6711290000000003 0.7035601365411936 0.6740620058829413
0 0.9416570000000001 0.49744400000000016 0.8692644713476976 0.49541498518295524 0.8687539999999999 0.5525630000000002 0.9411465286523024 0.5545920148170452
0 0.9371270000000002 0.2739470000000002 0.8728529884925335 0.26905499912414793 0.8715450000000001 0.3229780000000002 0.9358190115074669 0.3278700008758525
0 0.7010020000000001 0.3368630000000002 0.6368620000000003 0.33162500000000017 0.6355201528984838 0.3831820124864712 0.6996601528984837 0.38842001248647123
0 0.3985640161257623 0.19600900047206746 0.32484699999999994 0.19385100000000005 0.3243289838742376 0.24937499952793266 0.39804599999999996 0.25153300000000006
0 0.2276071071634005 0.2584490075150927 0.16403700000000004 0.2539910000000001 0.1628078928365996 0.30898599248490743 0.22637800000000002 0.31344400000000006
0 0.8685808018386044 0.27296802541527454 0.8022628122569656 0.2708659940492506 0.801778 0.31886000000000014 0.8680959895816388 0.3209620313660241
0 0.4665550005330534 0.30035981204407197 0.4665209998752681 0.24856380998568706 0.39651700000000006 0.24870799999999993 0.39655100065778526 0.30050400205838484
0 0.9410150000000002 0.44448000000000026 0.8736846828599041 0.4420199884128232 0.8730760000000001 0.49429400000000034 0.9404063171400963 0.49675401158717736
0 0.9405280564747466 0.5601960026666055 0.8705329999999998 0.5568910000000002 0.8696809435252532 0.6135129973333948 0.939676 0.6168180000000001
0 0.39438300000000004 0.118325 0.39417722126805876 0.06163709747971258 0.32701399818506055 0.062402100020672535 0.3272197769170018 0.11909000254095996
0 0.9454692071563352 0.1544589939405162 0.9449650000000002 0.100372 0.8764537928436652 0.10237600605948381 0.8769580000000002 0.156463
0 0.4610367252979955 0.19626805735511318 0.3971747272869526 0.19121797843439836 0.39588299999999993 0.24247300000000008 0.45974499801104285 0.24752307892071485
0 0.5437910002265282 0.15039989128479223 0.515665 0.15021600000000007 0.5154299997734718 0.26299710871520793 0.5435559999999999 0.2631810000000001
0 0.8690273165569953 0.16481601006988267 0.8014703067446797 0.1626669779471006 0.8009429901876843 0.2146809678772181 0.8685 0.2168300000000002
0 0.8718948095150724 0.1053180010906152 0.8050908099450144 0.10522799974394956 0.8050680000000002 0.15835300000000016 0.8718719995700581 0.15844300134666578
0 0.15769500000000003 0.19990400000000005 0.0854671858832814 0.19634599930459903 0.08459329992272376 0.2520100049222745 0.1568211140394424 0.2555680056176755
0 0.7003194191009615 0.4991659856865034 0.699734 0.445381 0.6338825808990385 0.4476300143134966 0.634468 0.501415
0 0.703058 0.2755790000000002 0.6310106457333531 0.2722249835078446 0.6301509851739298 0.33016799930980284 0.7021983394405766 0.33352201580195845
0 0.9411280000000002 0.6724750000000003 0.8717559978938988 0.6714224355479886 0.8714869978938988 0.7270524355479885 0.9408590000000001 0.7281050000000002
0 0.9402433852215596 0.09307758832490613 0.9397499997073482 0.04199676970139173 0.8716139999999999 0.04406179999999999 0.8721073855142113 0.09514261862351439
0 0.702748 0.6797920000000001 0.6356719857248642 0.6758007527662075 0.6346469857248642 0.7298517527662076 0.701723 0.7338430000000001
0 0.869853 0.6811820000000001 0.8076637876853531 0.6793109936123639 0.8071539999999999 0.7324790000000001 0.8693432123146467 0.7343500063876361
0 0.2305300000000001 0.8863550000000001 0.1668239738176588 0.8804348840565239 0.16514897381765878 0.9369918840565238 0.22885500000000006 0.942912
1 0.477351 0.8190740000000001 0.4761400391350083 0.7540179977142463 0.397502 0.758611 0.3987129608649917 0.8236670022857538
0 0.151601 0.12642200000000006 0.1510642843903041 0.07722790053437602 0.08828968439030405 0.07937690053437596 0.0888264 0.12857100000000002
0 0.6307590000000001 0.16368800000000003 0.6299678842772802 0.1089809598757882 0.5561168842772802 0.11233195987578815 0.5569080000000001 0.167039
0 0.4757833282092554 0.7056029914435353 0.475305 0.6480319999999998 0.40545467179074457 0.6498530085564647 0.40593299999999993 0.707424
0 0.867161 0.05496980000000019 0.80029 0.05152110000000017 0.7994917977342456 0.1000853411410941 0.8663627977342456 0.10353404114109413
0 0.8687021746311709 0.3293420076053214 0.7961421613641311 0.32618196347676603 0.7953719867329601 0.38167195587144476 0.8679319999999999 0.3848320000000002
0 0.713880340726556 0.5602100207138708 0.6400560000000001 0.5557220000000003 0.6388836592734441 0.6162309792861298 0.7127080000000001 0.6207190000000004
0 0.463551 0.0717027000000001 0.39586579922798265 0.07164679983418556 0.3958519999736792 0.12407409999997834 0.4635372007456965 0.12413000016579287
0 0.397108941853857 0.4805749183054264 0.39563097003093134 0.4271089158614017 0.327367 0.4330300000000001 0.32884497182292566 0.48649600244402474
0 0.6259992822414053 0.054365417190183826 0.5592189999999999 0.050298100000000116 0.5582597119422964 0.09971898245556919 0.6250399941837018 0.10378629964575291
0 0.6964795724223987 0.21111099017178048 0.696213999906059 0.16257698283209002 0.6340679999999999 0.163644 0.6343335725163396 0.21217800733969047
0 0.3968273945823496 0.3657290143229026 0.324373 0.36309900000000006 0.32376060541765045 0.41603598567709754 0.396215 0.4186660000000001
0 0.6960810006483431 0.050561480485404216 0.636077 0.04430620000000013 0.6342469900673524 0.09938799896454424 0.6942509907156956 0.10564327944994832
0 0.15722405772538697 0.0685996994837747 0.15706099999745132 0.011387299105744977 0.0862328 0.0120207 0.08639585772793565 0.06923310037802971
0 0.3972235315726625 0.3090089898855437 0.3969009999999999 0.255821 0.3308904684273374 0.25707701011445633 0.331213 0.310265
0 0.459855 0.41852300000000003 0.4588295971620796 0.3682589617747257 0.3944500000000001 0.37238 0.3954754028379205 0.4226440382252743
0 0.2186607418366174 0.1260439536148159 0.21759600000000004 0.07261280000000002 0.1539429912931766 0.07659286307190911 0.155007733129794 0.13002401668672503
0 0.6300461390325659 0.2175279915750268 0.629032 0.16501500000000002 0.5612398609674341 0.1691230084249732 0.5622539999999999 0.221636
0 0.4680130559589794 0.640324997283689 0.46718000000000004 0.586475 0.4030899440410206 0.5895860027163112 0.403923 0.6434360000000001
0 0.2247913845728453 0.06291834341130945 0.22212099999999999 0.005974859999999998 0.15377461542715468 0.016031816588690576 0.156445 0.07297530000000002
1 0.6334032253073782 0.6722730222523114 0.571417 0.6661510000000003 0.5694567746926218 0.728427977747689 0.6314430000000001 0.7345500000000003
1 0.00021443300226206877 0.0009094590840090025 0.00017191395592864645 0.0009083104089219333 0.000171561226489243 0.0009492788342066111 0.00021408027282266535 0.0009504275092936803
1 0.0002700494608934588 0.0008127464714863794 0.0002471778593913956 0.0008077044609665428 0.000237692931551452 0.0009427089188481932 0.0002605645330535152 0.0009477509293680296