1 0.4029809999999999 0.773074 0.4028294976550319 0.7034129898471387 0.32656599781043716 0.7039299932356712 0.32671750015540524 0.7735910033885324
1 0.636425 0.5007199999999999 0.5602325180339699 0.5002879972673071 0.5601040000000002 0.570942 0.6362964819660302 0.5713740027326927
1 0.8722449999999998 0.4421450000000001 0.7951755701542659 0.4407749568052649 0.7947899999999999 0.5083830000000001 0.8718594298457338 0.5097530431947352
1 0.23704400000000003 0.82946 0.23704105722411187 0.7644269999919285 0.15905400000000003 0.7644379999999998 0.1590569427758882 0.8294710000080713
1 0.873121 0.49904700000000013 0.7957527462922799 0.4978299802789007 0.7954099999206241 0.5657480157289723 0.8727782536283443 0.5669650354500717
1 0.947332 0.609979 0.8688760524050096 0.608575965170982 0.86849 0.675866 0.9469459475949903 0.677269034829018
1 0.23790200000000006 0.4824639999999999 0.15992117438288683 0.47855370787864154 0.15888800000000006 0.542778 0.23686882561711328 0.5466882921213584
1 0.6334220000000002 0.33188400000000007 0.556687714278441 0.33003494492129554 0.5561879998137516 0.39467602409236874 0.6329222855353107 0.39652507917107327
1 0.4033820000000001 0.6455810000000001 0.32462539056546763 0.6437869177767761 0.3241190000000001 0.7130779999999999 0.40287560943453254 0.714872082223224
1 0.16487400000000005 0.42884600000000006 0.16481734089761507 0.36463699906234115 0.08810539999975728 0.3648479997249447 0.08816205910214224 0.4290570006626036
1 0.4762890000000001 0.7635029999999999 0.47624978764045295 0.699722998490568 0.40110799938519426 0.6998670000011781 0.4011472117447414 0.7636470015106099
1 0.4693180000000001 0.5907909999999998 0.46862397025016905 0.5283648277589356 0.3948919885015474 0.5309199657440666 0.3955860182513785 0.5933461379851309
1 0.6306289999999999 0.389105 0.5564331032674644 0.38687388282280727 0.5557960000000001 0.4529150000000001 0.6299918967325355 0.45514611717719283
1 0.9494763894251799 0.22716899952373196 0.9494470000000002 0.15226399999999995 0.8701329996081243 0.15236100122348176 0.870162389033304 0.22726600074721376
1 0.237317 0.593785 0.15981506153010316 0.5914768827067985 0.15919599999999998 0.656271 0.2366979384698968 0.6585791172932015
1 0.40162400000000004 0.476014 0.3252393581548275 0.47547699548765643 0.3250959977446293 0.5390399999841443 0.4014806395898018 0.5395770044964878
1 0.163837 0.776965 0.16366853947054846 0.7038509961255289 0.08360609770423172 0.704426003607482 0.08377455823368327 0.7775400074819531
1 0.16162699999999997 0.255325 0.08260537423708898 0.2533309110283435 0.08204390000000002 0.322686 0.16106552576291103 0.32468008897165646
1 0.7062209999999999 0.28141325245279286 0.7058006504149569 0.21498120017781 0.6298979999999998 0.21647825245279279 0.6303183495850428 0.2829103047277756
1 0.39990900000000007 0.5327849999999998 0.32815104447089144 0.5269540285070289 0.32637697609999816 0.5950069167990272 0.39813493162910685 0.6008378882919981
1 0.23753700000000008 0.6500709999999998 0.16010308730977685 0.6489389720378484 0.15977800000000006 0.718253 0.2372119126902233 0.7193850279621515
1 0.6370760000000001 0.4452370000000001 0.5586887037183539 0.4442889843227745 0.5584239999530785 0.5125130120934288 0.6368112962347247 0.5134610277706544
1 0.2394060000000001 0.5371909999999999 0.16304058371615782 0.5311022492229027 0.16141099796468775 0.5948100795695036 0.23777641424853002 0.6008988303466007
1 0.23761300000000002 0.8232389999999999 0.16262966475731835 0.8216339286067683 0.16216799313376454 0.8888619998530233 0.2371513283764462 0.8904670712462548
1 0.16623800000000005 0.5344279999999999 0.08496946425094923 0.5276830674820404 0.08307719889751015 0.5987510414063084 0.16434573464656096 0.6054959739242679
0 0.161224 0.9999999999999998 0.16114897395836933 0.9428631677357469 0.08936015978802009 0.943157000164588 0.08943518582965075 1.000293832428841
0 0.16276700000000008 0.8342599999999999 0.08897873535067727 0.8304367116715115 0.08805679956972265 0.8858990258848624 0.16184506421904546 0.8897223142133509
0 0.5420920000000002 0.15563100000000007 0.515269000575237 0.15558788450464578 0.5152120005165067 0.26612199839342265 0.5420349999412701 0.266165113888777
0 0.939695 0.22546100000000016 0.8777210314727623 0.22162163024180134 0.8767339801496049 0.27128499877024176 0.9387079486768426 0.2751243685284406
0 0.5329046599009004 0.937967079340711 0.5242819794641987 0.828523442389386 0.4980916787242172 0.8349553430824158 0.5067143591609189 0.9443989800337408
0 0.8685059999999999 0.39435400000000015 0.8003460258996693 0.3925569215860692 0.799905991766403 0.44457997341731936 0.8680659658667337 0.44637705183125037
1 0.16540800000000008 0.8816789999999999 0.09091171140903682 0.8717846506601653 0.08801165594215077 0.9398460339933856 0.16250794453311407 0.9497403833332202
0 0.15041900000000005 0.6582 0.08302133546891799 0.6548947614392749 0.08220940000000006 0.7065019999999999 0.14960706453108213 0.7098072385607249
0 0.6300550000000001 0.28146400000000005 0.5660934776936167 0.28055097826976666 0.565856 0.3324080000000001 0.6298175223063834 0.3333210217302335
1 0.4717060000000001 0.5385509999999999 0.47105000624997195 0.4753038704778645 0.395729 0.47773899999999997 0.39638499375002817 0.5409861295221354
1 0.401641 0.8866569999999999 0.4011454540451865 0.8196799434037698 0.328991 0.821344 0.3294865459548135 0.88832105659623
0 0.40157023811314957 0.6489419985902081 0.4014669999887541 0.5945899940793862 0.33255499999999993 0.5949979999999999 0.3326582381243954 0.6493500045108218
0 0.8750550000000001 0.2213440000000002 0.8052477249008883 0.22059998640985407 0.8050710000000002 0.27228500000000017 0.8748782750991121 0.2730290135901463
0 0.9926436403281051 0.793747115092712 0.9925656399349673 0.6870235771842241 0.9642366403281051 0.6870881150927118 0.9643146407212431 0.7938116530011997
0 0.46203799999999995 0.0008375560000000969 0.39107986817563944 0.0007353848101888313 0.39105399998660395 0.05673522899998079 0.4620121318109645 0.05683740018979206
0 0.47322299999999995 0.6526769999999998 0.40362319584581774 0.6520069922587491 0.40344699999999994 0.709059 0.4730468041541822 0.7097290077412507
0 0.16211600000000012 0.7775470000000001 0.08953044763634652 0.7761139575063015 0.08917620000000005 0.8320439999999999 0.16176175236365367 0.8334770424936985
0 0.94185 0.5021520000000002 0.8693673518633901 0.4983507037878602 0.8684279823084191 0.5541830515164025 0.940910630445029 0.5579843477285424
0 0.395968 0.00008414760000008249 0.32413639565097263 -0.003786539292671101 0.323158 0.05280990000000006 0.3949896043490274 0.05668058689267124
0 0.6979490000000003 0.11344800000000015 0.6312865501961251 0.11174393737675077 0.6308590000000001 0.16387900000000014 0.6975214498038753 0.1655830626232495
0 0.8708200000000003 0.6232000000000002 0.8044553270033307 0.6209278742476994 0.8038570000000003 0.6754020000000001 0.8702216729966699 0.6776741257523008
0 0.63461 0.5690069999999999 0.5678674404998356 0.566071799482559 0.567071 0.6225220000000001 0.6338135595001644 0.625457200517441
0 0.405091 0.768735 0.3334839967724317 0.7684479999870638 0.3334049999948466 0.8298850040079674 0.4050120032224149 0.8301720040209035
0 0.39656300000000005 0.8858199999999998 0.328463171855963 0.882954796862726 0.32770400000000005 0.9391990000000001 0.3958038281440371 0.9420642031372739
0 0.6996290394874433 0.3966790000255828 0.6317140000000001 0.3966350000000001 0.6317029605125569 0.4497489999744174 0.6996180000000001 0.4497930000000001
0 0.23166500000000007 0.42985300000000004 0.16316922203036693 0.42870097009634395 0.16288200000000005 0.481932 0.23137777796963319 0.4830840299036562
0 0.15005600000000002 0.129169 0.149421162209189 0.08051464291891336 0.08367070000000003 0.0831888 0.08430553779081104 0.13184315708108665
0 0.39279200000000003 0.06675670000000007 0.3260910001161273 0.06412750291629638 0.325355 0.12232900000000005 0.39205599988387274 0.12495819708370376
0 0.395432 0.483622 0.394561523771762 0.4295517228077295 0.32548699999999997 0.43301799999999996 0.32635747622823796 0.4870882771922705
0 0.9452410000000001 0.15838599999999997 0.9449467657619235 0.10408497017610513 0.8752000000000001 0.105263 0.8754942342380767 0.15956402982389487
0 0.8717789999999999 0.10958000000000018 0.8049469411565131 0.10785594688843092 0.8045079997865521 0.16089402579129167 0.8713400586300388 0.16261807890286092
0 0.7023000000000001 0.28283900000000006 0.6299705385428136 0.28081193101644325 0.629471 0.33637200000000006 0.7018004614571866 0.3383990689835569
0 0.46660700000000005 0.5900050000000002 0.39854662129309126 0.58975899863118 0.3984840000000001 0.643763 0.46654437870690896 0.6440090013688202
0 0.7018880000000001 0.6231980000000001 0.6348262437998436 0.6218469646193499 0.6344839998698093 0.674800020143515 0.7015457560699657 0.6761510555241652
0 0.16367400000000004 0.4885829999999998 0.09610909699946907 0.48237407157704115 0.09442399783848181 0.5395320733179774 0.1619889008390128 0.5457410017409361
0 0.22406 0.263806 0.15698767261521393 0.2626329767854608 0.15668799990188473 0.3160440174872138 0.2237603272866708 0.3172170407017529
0 0.7102209999999998 0.562168 0.7098050497057337 0.5083239265640808 0.6377080000000002 0.5100599999999998 0.6381239502942663 0.5639040734359191
0 0.46617300000000006 0.31099300000000013 0.39448254731509547 0.31055199721531535 0.39436700000000013 0.36910200000000004 0.4660574526849047 0.3695430027846849
1 0.9449850000000001 0.3831080000000001 0.8687643193485384 0.382961998696207 0.8687239993854796 0.448573999998823 0.9449446800369413 0.44872000130261613
0 0.39231799999999994 0.371004 0.32537737000830175 0.36844286111703933 0.32473599999999997 0.42069599999999996 0.3916766299916982 0.4232571388829606
0 0.699141 0.3402980000000001 0.6363887053892429 0.3348611947228524 0.6349300000000001 0.3873420000000002 0.6976822946107573 0.3927788052771478
0 0.6306589999999999 0.629635 0.5649755295210841 0.626250718138484 0.5641120000000002 0.6784920000000004 0.6297954704789158 0.6818762818615163
0 0.16089800000000007 0.317063 0.08570050193722677 0.31229452452768575 0.08446609987116165 0.37297200633309874 0.15966359793393492 0.377740481805413
0 0.15432700000000002 0.203472 0.08286382189950167 0.19979070750323008 0.08192710000000002 0.256472 0.15339027810049835 0.26015329249676983
0 0.6281550000000001 0.2781620000000001 0.627416420793857 0.2240898117779644 0.5544610000000001 0.22719599999999995 0.5551995792061433 0.28126818822203564
0 0.9391529999999999 0.0972358 0.9387260367980246 0.046141620898995296 0.8716119997823841 0.04788977395816564 0.8720389629843595 0.09898395305917035
0 0.940742 0.44717100000000004 0.8731552234560597 0.44454085303537044 0.872498 0.4971840000000001 0.9400847765439403 0.4998141469646297
0 0.4603260000000001 0.19858900000000007 0.3944930729693652 0.1941925373981912 0.393363 0.2469390000000001 0.45919592703063494 0.251335462601809
0 0.39437300000000003 0.31964500000000007 0.32618622404405634 0.31532463403103983 0.325116 0.367975 0.3933027759559437 0.37229536596896023
0 0.9403980000000001 0.6769740000000001 0.8715110246951004 0.6753989548362458 0.8711240000000002 0.7281620000000001 0.9400109753048997 0.7297370451637544
0 0.2279690000000001 0.8890619999999998 0.16302375814901013 0.8864508294533046 0.16233300000000006 0.940004 0.22727824185099002 0.9426151705466952
0 0.22849300000000003 0.715285 0.16133583941752933 0.7131108976813548 0.16079398961767583 0.7652829996638891 0.22795115020014653 0.7674571019825343
0 0.3960780011415497 0.2532080579456737 0.39601899999999995 0.19852800000000007 0.32200399885845027 0.1987769420543263 0.322063 0.25345699999999993
0 0.8702380000000001 0.685876 0.8085409393559915 0.6840029070803284 0.8080480000000002 0.7346140000000001 0.8697450606440088 0.7364870929196717
0 0.47122 0.4756190000000001 0.46944467995172273 0.42220589351589244 0.39606800000000003 0.4298080000000001 0.39784332004827727 0.48322110648410777
0 0.7121300000000005 0.5649070000000002 0.6371000879135148 0.5637129854851958 0.6368020000000002 0.6221 0.7118319120864859 0.6232940145148044
0 0.6934600000000001 0.21779399999999996 0.6927440143863655 0.17016676502925618 0.6329430000000001 0.17296899999999998 0.6336589856136348 0.22059623497074377
0 0.701543 0.6819870000000001 0.6340852957521297 0.6808079702130538 0.633786 0.7341849999999999 0.7012437042478703 0.7353640297869461
0 0.396354 0.31186799999999987 0.3959742369266961 0.25895494995637497 0.32887800000000006 0.26045599999999997 0.32925776307330396 0.31336905004362486
0 0.8697030000000002 0.16564100000000018 0.8053789340366988 0.161603556489049 0.8042430000000002 0.21801500000000015 0.8685670659633015 0.22205244351095135
0 0.22995194479451653 0.20911490913811986 0.1651150349103305 0.20537262574740814 0.16420294479451655 0.2546299091381199 0.22903985467870258 0.25837219252883165
0 0.154986 0.015636500000000022 0.0834696499125884 0.014443670810096633 0.08316820000000001 0.0707801 0.1546845500874116 0.07197292918990339
0 0.10663044315701475 0.6537884496216679 0.09992618696719793 0.6027826287074542 0.037438115728290026 0.6283846969280965 0.04414237191810685 0.6793905178423103
0 0.933518 0.39043 0.933425062229335 0.3408849937890543 0.8660400000000001 0.3412789999999999 0.8661329377706651 0.39082400621094565
0 0.46227999999999997 0.12920399999999999 0.4614492251644043 0.0762572444410997 0.39401299999999995 0.07955549999999997 0.39484377483559563 0.13250225555890027
0 0.39257700000000006 0.939977 0.3352869992273966 0.939831951192559 0.3352409992273966 0.9964649511925592 0.3925310000000001 0.9966100000000001
0 0.8677649999999999 0.27676100000000015 0.8006118415001702 0.27498591651024296 0.8001989915217164 0.32366999977589067 0.8673521500215461 0.32544508326564786
0 0.16107700000000005 0.433995 0.09517463634684865 0.4316468623359015 0.0945630887367311 0.48514698534646233 0.1604654523898825 0.4874951230105608
0 0.8679010000000001 0.33468700000000023 0.7973807284330717 0.3324538964021592 0.7968350000000002 0.3861730000000002 0.8673552715669286 0.3884061035978412
0 0.9417550000000001 0.564423 0.8725390383179555 0.5605986706043615 0.8715830000000001 0.6145340000000001 0.9407989616820446 0.6183583293956386
0 0.22595300000000004 0.318135 0.15798254522337055 0.3170709772266425 0.15771300000000002 0.370743 0.22568345477662954 0.3718070227733575
0 0.9365419999999999 0.2780390000000001 0.8716090427650598 0.27304931169297786 0.8702700000000001 0.32736600000000016 0.9352029572349402 0.3323556883070224
0 0.695709 0.05534570000000013 0.6348936760557379 0.04977294560923222 0.6333179999999999 0.1033720000000001 0.6941333239442621 0.108944754390768
0 0.21652500000000002 0.129363 0.21536266570750368 0.07645917501935413 0.151866 0.0808077 0.15302833429249635 0.1337115249806459
1 0.874307 0.5541150000000002 0.7980490702088309 0.5472829311910989 0.7960180000000002 0.6179480000000002 0.8722759297911693 0.6247800688089014
0 0.45898600000000006 0.42266 0.4583299922547408 0.3709228422128193 0.3915300000000001 0.3735629999999999 0.39218600774525936 0.4253001577871806
0 0.6299610000000001 0.167491 0.6290508243042957 0.11291969720267085 0.554067 0.11681799999999999 0.5549771756957044 0.17138930279732914
0 0.6292129999999998 0.22095599999999999 0.6282541794605835 0.16815770681007092 0.5601469999999998 0.17201299999999997 0.5611058205394162 0.22481129318992904
0 0.86642 0.057778100000000165 0.7998378267842836 0.053346689138445855 0.798761 0.10377900000000016 0.8653431732157164 0.10821041086155447
0 0.46389700000000006 0.25274200000000013 0.3954748182291401 0.2512649529015557 0.3951139930755477 0.3033659998505201 0.46353617484640763 0.3048430469489644
0 0.22270599999999996 0.0667897 0.22030111266066757 0.009932317511262567 0.1522109948750335 0.018909478833334974 0.15461588221436592 0.0757668613220724
0 0.6984299999999998 0.503642 0.6980746924663039 0.4495429653516941 0.6326179999999999 0.45088299999999987 0.6329733075336959 0.5049820346483057
0 0.6248730000000002 0.05756660000000014 0.5581372232646477 0.053598356503698534 0.5571709980945385 0.10424909988669755 0.623906774829891 0.10821734338299915
0 0.00012223688455855573 0.0008609224290288538 0.00009077416858941848 0.0008551879336712705 0.00008605122406242516 0.0009359599490868612 0.0001175139400315624 0.0009416944444444445
1 0.473847 0.8242899999999999 0.4734783011464898 0.7552919783275298 0.39687000000000006 0.756568 0.39723869885351026 0.8255660216724701
1 0.6328880000000001 0.6723270000000002 0.5658897207554714 0.6692237554745158 0.5649500000000001 0.7324640000000001 0.6319482792445288 0.7355672445254845
1 0.00027009330959275416 0.0008147130799284854 0.00024702552537555063 0.0008096127912631076 0.0002377991279342957 0.0009396867483716593 0.00026086691215149925 0.0009447870370370372
0 0.23399001145521672 0.9445688086745975 0.16711399285388132 0.9431258894152017 0.1667393578812509 0.9972491269431014 0.23361537648258632 0.9986920462024972
1 0.16637459800465 0.6577020806072539 0.16623813891537903 0.5934047932864139 0.09898609658143369 0.5938496932459264 0.09912255567070465 0.6581469805667663