1 0.7091700000000001 0.41053500000000004 0.7086273792824672 0.3441069906409198 0.632682 0.345981 0.6332246207175328 0.41240900935908026
1 0.8863104786550092 0.9242410161707002 0.8026600000000002 0.9214150000000002 0.801814521344991 0.9970149838293 0.8854650000000002 0.9998410000000002
1 0.47157422238376745 0.5838629967092427 0.4712529999275183 0.5182879852034212 0.39529400000000003 0.519412 0.39561522245624925 0.5849870115058214
1 0.474448002267847 0.7590052660096291 0.47385699374428647 0.6896822662291433 0.3957429914764395 0.6916940002195142 0.396334 0.7610169999999999
1 0.9868930022373122 0.9276846950368023 0.9094310000000001 0.9259680000000001 0.9089079926648574 0.9972579998374402 0.9863699949021696 0.9989746948742424
1 0.8801855381829274 0.5191719755468758 0.8791609993170532 0.45105595459457626 0.801271 0.454595 0.8022955388658742 0.5227110209522996
1 0.7121136356822287 0.6942029876305762 0.7116779934340246 0.6265719806692619 0.632637 0.62811 0.6330726422482043 0.6957410069613141
1 0.8823479999999999 0.751765 0.8810607609372445 0.681358957973484 0.8012127609372445 0.685768957973484 0.8024999999999999 0.7561749999999999
1 0.9791 0.689653 0.97806825255709 0.627678987298687 0.905868 0.63131 0.90689974744291 0.693284012701313
1 0.9760561117047477 0.6394739929280697 0.974614 0.570663 0.9035498882952524 0.5751620070719304 0.9049920000000001 0.6439730000000001
1 0.64221 0.9290320000000002 0.5621197093035215 0.9262953157374989 0.5612860000000001 1.0000000000000002 0.6413762906964784 1.0027366842625014
1 0.8815335763266138 0.6390019501526099 0.879457 0.5664750000000001 0.7964189739092308 0.5736570887481955 0.7984955502358446 0.6461840389008052
1 0.6381570000000002 0.299604 0.637120213232243 0.23063699031663745 0.5564590000000001 0.23429999999999998 0.5574957867677574 0.3032670096833625
1 0.15834843440912186 0.42325898039909804 0.157274 0.3513260000000001 0.08630828554490494 0.35452803223680995 0.0873827199540268 0.4264610126359079
1 0.9755987712812758 0.23609998989863257 0.9753249999432214 0.17295398690387775 0.900726 0.17393099999999997 0.9009997713380545 0.23707700299475482
0 0.15913621137573267 0.4673529776382981 0.15739599889263858 0.4176619683797756 0.08864710000000002 0.42493500000000006 0.09038731248309408 0.47462600925852255
1 0.9865860326207497 0.8630100011278251 0.9131490000000002 0.8604710000000002 0.9122639673792505 0.9377989988721753 0.9857010000000002 0.9403380000000002
0 0.4704124922138713 0.8115269678176233 0.46931197697336036 0.7606809361226361 0.40154100000000004 0.765112 0.402641515240511 0.8159580316949874
0 0.878666 0.3974170000000001 0.8774181011962137 0.348845992145984 0.8119640000000001 0.353926 0.8132118988037864 0.40249700785401604
0 0.16113300000000003 0.8153760000000001 0.16090912852159697 0.7664059982251159 0.094652799993687 0.7673209986190865 0.09487667147209003 0.8162910003939707
0 0.7142191089790358 0.9361870015250355 0.6427590000000001 0.935187 0.6425048910209642 0.9900409984749646 0.713965 0.9910410000000002
0 0.6385019999999999 0.348038 0.637721601704169 0.2940099737453944 0.5613816017041691 0.29734097374539437 0.562162 0.351369
0 0.7114420006363599 0.9255831007769353 0.7111019943225821 0.8717381008973714 0.6381849936862223 0.873129000120436 0.638525 0.926974
0 0.6423516749005374 0.23035659635023428 0.6410987367437231 0.1785615918310621 0.5702396749005373 0.18373959635023424 0.5714926130573514 0.2355346008694064
0 0.8770277822464809 0.6813548702663513 0.87466 0.638227 0.8101599546170509 0.6489241733741826 0.8125277368635319 0.6920520436405341
0 0.22620531072509242 0.7663740010523837 0.16449600000000003 0.766165 0.16444168927490768 0.8146059989476164 0.22615100000000007 0.8148150000000002
0 0.8850320048140538 0.8767517741041745 0.819142 0.8725100000000001 0.8180199787182509 0.9251599986299536 0.8839099835323047 0.9294017727341279
0 0.4625861394562756 0.3983999892200328 0.4613800000000002 0.351265 0.39749886054372463 0.35620301077996724 0.39870500000000003 0.40333800000000003
0 0.972894580106169 0.5100829306374723 0.970869 0.4589079999999999 0.8986254198938308 0.4675460693625276 0.900651 0.518721
0 0.3989314118554006 0.4073699940440329 0.398676 0.35401699999999997 0.3244775881445993 0.35509000595596707 0.32473299999999994 0.408443
0 0.2302383377534242 0.757309989289864 0.22974299999999998 0.710122 0.16335966224657575 0.7122270107101359 0.163855 0.7594149999999998
0 0.6385791031566591 0.40833899637150534 0.637951 0.35439699999999996 0.563038896843341 0.3570320036284947 0.563667 0.41097400000000006
0 0.15153178722873925 0.3543389812454961 0.15113099200236327 0.3035179858964618 0.08581640477362401 0.3050740046509657 0.0862172 0.35589499999999996
0 0.7060396318373305 0.5146869721844285 0.7053220000000001 0.465444 0.6337683681626697 0.46859402781557147 0.6344860000000001 0.517837
0 0.47735800000000006 0.9386880000000001 0.4052683323208456 0.9375819897563689 0.4049920000000001 0.9919910000000004 0.47708166767915455 0.9930970102436317
0 0.22631204022071955 0.9483960034301369 0.16300500000000007 0.942997 0.1615839597792806 0.9933319965698635 0.2248910000000001 0.9987310000000003
0 0.40197600000000006 0.749092 0.39900726534183634 0.6939449568500647 0.32536299999999996 0.705921 0.3283317346581637 0.7610680431499353
0 0.7061000050171127 0.22986799955031306 0.7046009999999999 0.17934699999999998 0.6360529949828873 0.18549100044968692 0.6375519999999999 0.23601200000000003
0 0.15655172969353978 0.5853619758243526 0.15600199974573287 0.5352389768165603 0.08836117005219307 0.5374800009922078 0.08891090000000003 0.5876030000000001
0 0.4006321151875592 0.5262850000265574 0.326898 0.5262680000000001 0.32689388481244086 0.5801859999734427 0.40062800000000004 0.580203
0 0.40044731808350814 0.8156839831258605 0.39952299999999996 0.7630499999999999 0.32772168191649176 0.7668590168741394 0.3286459999999999 0.819493
0 0.46724371524281066 0.2947499668711395 0.4664460000000001 0.242724 0.39714228475718943 0.24593403312886053 0.39794 0.29796000000000006
0 0.462200548976284 0.45609694979549453 0.4606479698099984 0.40481200276090995 0.3965804208337144 0.4106710529654154 0.398133 0.461956
0 0.7035720096718682 0.2958723873949645 0.6359230000000001 0.2926460000000002 0.6351379842237818 0.3423679992475843 0.7027869938956498 0.34559438664254866
0 0.6360992481013603 0.5735949812013421 0.634809 0.522155 0.5656917518986395 0.5273920187986578 0.566982 0.578832
0 0.636685 0.169624 0.636286280412071 0.11701699357983847 0.568718 0.118564 0.5691167195879289 0.17117100642016153
0 0.640616 0.8768840000000002 0.568061936846709 0.8757629990242463 0.5677800000000001 0.9308860000000001 0.640334063153291 0.9320070009757542
0 0.636255 0.7529450000000001 0.5698367328100998 0.7510289922922122 0.56935 0.8019980000000001 0.6357682671899002 0.803914007707788
0 0.639216015343921 0.6388545156524691 0.5740580000000001 0.6326190000000003 0.5725069684161835 0.6815789969774806 0.6376649837601045 0.6878145126299494
0 0.6392471473825555 0.5189409935720823 0.6384339993707113 0.46261995641361553 0.562425 0.465935 0.5632381480118441 0.5222560371584668
0 0.9763250000000001 0.34142799999999995 0.9734851904260572 0.2873669697826382 0.898562 0.29925599999999997 0.9014018095739429 0.3533170302173617
0 0.973056 0.570873 0.9715465113637041 0.5171559565916864 0.902478511363704 0.5230189565916865 0.903988 0.576736
0 0.46261699999999994 0.29941100000000004 0.395992998526946 0.29909899999310174 0.395913 0.3507030000000001 0.462537001473054 0.3510150000068984
0 0.466588 0.514653 0.4652241841705553 0.4626569854074519 0.39505218417055527 0.46821698540745194 0.396416 0.520213
0 0.47172900000000006 0.932396 0.4709612402180375 0.8811830344080198 0.40027824021803754 0.8843840344080197 0.4010460000000001 0.935597
0 0.8806033768346767 0.21826796676066196 0.878988 0.16294599999999998 0.8039366231653234 0.169566033239338 0.805552 0.22488799999999998
0 0.876396136499721 0.7561360050336557 0.8080330000000001 0.7536150000000001 0.8074168635002792 0.8040869949663447 0.8757800000000001 0.8066080000000002
1 0.6397370000000001 0.683827 0.5654259864093947 0.6777565025658486 0.5634339864093947 0.7514185025658486 0.6377450000000001 0.757489
0 0.6347571047231049 0.4643389951424355 0.6339570000000001 0.412232 0.5660898952768953 0.41538000485756454 0.5668900000000001 0.46748700000000004
0 0.8868681441595779 0.5726079960304478 0.8863529999999998 0.5160940000000002 0.808744855840422 0.5182310039695525 0.8092600000000001 0.574745
0 0.8805759999999999 0.272476 0.8776205338750507 0.22116908111060993 0.8061995338750508 0.23359708111060992 0.809155 0.284904
0 0.2258093438343907 0.5353760018392618 0.15869634384386305 0.5350169964900456 0.158607 0.585471 0.22571999999052766 0.5858300053492163
0 0.22309258221077746 0.406892940497993 0.2213269965542922 0.3547058981520392 0.148557 0.36214300000000005 0.1503225856564853 0.4143300423459539
0 0.8821826108095292 0.33460292716682455 0.8801589607120966 0.2833360046847054 0.8079093499025674 0.2919510775178809 0.8099329999999999 0.343218
0 0.9732074011051594 0.45160594864061565 0.970934 0.39797200000000016 0.8964595988948406 0.4075080513593846 0.8987329999999999 0.4611420000000001
0 0.161242 0.7582990000000001 0.16108744618504806 0.7090669957687129 0.09697439998809207 0.7096749962068106 0.09712895380304401 0.7589070004380977
0 0.7086463392068754 0.17739298853078378 0.708036 0.12286400000000001 0.6339196607931247 0.12537001146921622 0.63453 0.179899
0 0.40290943498978316 0.944069019666532 0.3346514506224783 0.9409829751618292 0.3338380000000001 0.9953339999999999 0.4020959843673049 0.9984200445047028
0 0.0735126 0.7679079999999999 0.0704791833926256 0.6513773620170972 0.035295999999999994 0.654144 0.038329416607374385 0.7706746379829027
0 0.4668110216304668 0.5832440012880322 0.39941900000000014 0.579231 0.3984039783695334 0.6307229987119679 0.46579600000000015 0.6347360000000001
0 0.977023046666905 0.7416979942210353 0.974841 0.6884689999999999 0.906103953333095 0.6969810057789646 0.908286 0.75021
0 0.219358 0.353829 0.2180618659471736 0.3036729324005586 0.155907 0.30852500000000005 0.15720313405282638 0.3586810675994415
0 0.403018 0.409783 0.3231639972901817 0.40797499993864617 0.32273299999999994 0.46547900000000003 0.40258700270981823 0.4672870000613539
0 0.23001220073511067 0.4770700039008562 0.15930700000000006 0.47569599999999984 0.15895779926488943 0.5299789960991437 0.22966300000000006 0.5313530000000001
0 0.15957502492798697 0.6995759981569613 0.15838400000000002 0.6509129999999999 0.09521997507201303 0.6555830018430386 0.096411 0.704246
0 0.23274499999999998 0.4702740000000001 0.23259802703382434 0.41377499978756344 0.157517 0.414365 0.15766397296617565 0.4708640002124367
0 0.3975549999999999 0.35275199999999995 0.3967443633275818 0.30281398218365624 0.3332199999999999 0.30592899999999995 0.334030636672418 0.3558670178163436
0 0.7184340000000001 0.6903190000000002 0.6400550000000002 0.6893780000000003 0.6398312209969574 0.745684002653238 0.7182102209969573 0.7466250026532381
0 0.976115100647679 0.7983109923112984 0.974761 0.744765 0.9063638993523211 0.7499900076887016 0.9077180000000001 0.8035360000000001
1 0.712068 0.579952 0.7115790130618502 0.5141069997069752 0.634953 0.5158259999999999 0.6354419869381498 0.5816710002930249
0 0.3987130000000001 0.8929140000000001 0.3323045996373508 0.8900909829806085 0.33159898593610915 0.940232999402145 0.3980073862987584 0.9430560164215367
0 0.39839600000000003 0.691382 0.3974929987982173 0.64200593428657 0.33301600000000003 0.6455680000000001 0.3339190012017828 0.6949440657134301
0 0.4720490000000001 0.6403180000000002 0.3978209949878934 0.6376824264206364 0.39718099498789333 0.6921324264206363 0.471409 0.6947680000000002
0 0.1596600032955722 0.2371504861490435 0.09248300000000001 0.23584900000000003 0.09211299358731809 0.2935409998757608 0.15928999688289025 0.2948424860248043
0 0.7209593745681505 0.8027509654459952 0.719214 0.7455969999999998 0.6426176254318494 0.7526630345540047 0.6443629999999998 0.809817
0 0.39737200000000006 0.30141200000000007 0.39686476508480106 0.24690597849202622 0.32611176508480094 0.24889497849202613 0.32661899999999994 0.303401
0 0.15771363393860058 0.9415219986993144 0.15767899931996143 0.8905289987703432 0.09236836538136085 0.8906630000710289 0.09240300000000001 0.9416560000000004
0 0.9733673222115912 0.39788297327687766 0.9719229977281533 0.3452759172518547 0.901772 0.351094 0.9032163244834379 0.403701056025023
0 0.226821 0.12956300000000007 0.22530877148232037 0.07639483371473663 0.158571 0.0821289 0.16008322851767962 0.13529706628526345
0 0.22833741082525388 0.8899490288168549 0.1678463892690055 0.8857059571609918 0.1666319784437517 0.9380059283441369 0.22712300000000007 0.9422489999999999
0 0.397139 0.18263400000000005 0.3162439990674644 0.18029109726534298 0.3156479990674644 0.24245509726534298 0.396543 0.24479800000000004
0 0.16005050384214609 0.5278629822341057 0.15944499983543362 0.47598898590146915 0.09387599599328751 0.4783010036673634 0.0944815 0.530175
0 0.704707031190414 0.46184397181736414 0.7029489991950404 0.4070679749194152 0.6335749680046264 0.41379400310205106 0.635333 0.46857000000000004
0 0.8845864961338572 0.1613369671484025 0.8833590000000001 0.10533699999999999 0.8056869795614877 0.11048006756852967 0.8069144756953448 0.16648003471693218
0 0.7054265727859402 0.28996199915296605 0.705401 0.23772299999999996 0.6364254272140596 0.23782500084703387 0.6364509999999999 0.290064
0 0.560135457359232 0.5430195000978796 0.5435097407151431 0.49707028340315607 0.4793822833559112 0.5671627833052767 0.496008 0.6131120000000001
0 0.229674130005826 0.6966449945227202 0.22895799999999994 0.6452979999999998 0.15870086999417396 0.6482580054772797 0.15941700000000003 0.699605
0 0.466617 0.16394100000000006 0.46348651657348655 0.11582389847585765 0.3996705165734865 0.1283658984758577 0.4028009999999999 0.17648300000000008
0 0.9686779999999999 0.28409200000000007 0.9666232196204646 0.22989397484756582 0.8986040000000002 0.23768399999999995 0.9006587803795355 0.29188202515243417
0 0.15274799999999997 0.06682760000000001 0.0876228 0.06077850000000001 0.08598148884889768 0.11415799896423914 0.15110668884889766 0.12020709896423915
0 0.40229569004608157 0.6358689405522756 0.4007339975491129 0.581108914060776 0.3202110000000001 0.588046 0.32177269249696877 0.6428060264914996
0 0.162891 0.9975740000000002 0.1620069977875536 0.9457608703241083 0.0876535 0.9495929999999999 0.08853750221244644 1.0014061296758918
1 0.23402664764193948 0.24593294965363732 0.23203799800348276 0.16865592241724597 0.15585799999999997 0.17457800000000004 0.15784664963845668 0.25185502723639136
0 0.48686003692524404 0.22636899399702562 0.483417 0.16239199999999995 0.3936469466499648 0.17698600867316938 0.39708998357520886 0.24096300267019502
1 0.876928 0.461096 0.8763753529208339 0.3974609907412079 0.8026559999999999 0.3993949999999999 0.8032086470791661 0.46303000925879206
1 0.4004352011921744 0.4649950022816956 0.325044 0.46414000000000005 0.32478579880782554 0.5329159977183044 0.400177 0.5337710000000001
1 0.227603 0.301645 0.22694386313905301 0.2406969718017619 0.15801086313905305 0.2429489718017619 0.15867 0.303897
0 0.397621 0.11021500000000006 0.31320180858288155 0.1055779894857654 0.311945 0.1746970000000001 0.39636419141711837 0.17933401051423478
0 0.15737278763437637 0.1646676323703102 0.083289592435797 0.16448206331542115 0.08324305821577928 0.22060131290412932 0.15732625341435866 0.22078688195901836